0.0005935738 0.0037316754 -0.0005031097 -2.3996534252 -1.8984772920 -3.8219025938 0.0000001000
-0.0001134077 -0.0000223997 0.0001931942 -1.6993385407 -2.0580401725 9.1000031645 0.0000001000
0.0006539311 0.0002550713 -0.0010672627 -14.3058020950 -0.2611473180 1.5064131008 0.0000001000
0.0006805402 -0.0028679412 0.0001132876 5.5114065394 1.5113024202 5.6352845563 0.0000001000
-0.0009159673 0.0001556348 0.0006779526 9.7595640072 -3.1725637835 -7.9770361234 0.0000001000
0.0018337996 0.0013903817 -0.0041122091 7.7893955632 0.6183906119 -2.7089358240 0.0000001000
0.0003594894 0.0001958826 -0.0032573681 -6.1162178858 3.7290565803 4.3462264740 0.0000001000
-0.0013173170 -0.0021529289 -0.0009588145 3.9768859759 -1.4390496449 1.1700914321 0.0000001000
0.0010973399 -0.0029235995 0.0039525110 -5.1925742252 -1.3481733096 -1.5011977149 0.0000001000
-0.0007644202 0.0002349229 -0.0010143994 -1.5230458379 5.7016965018 4.2221816204 0.0000001000
0.0001706600 0.0004820276 0.0002587372 -5.2173235524 4.1490888600 -1.2987717401 0.0000001000
-0.0004654745 0.0008524252 -0.0009507830 1.9614127433 -7.3494001310 -5.6379912038 0.0000001000
0.0008600646 0.0004639242 -0.0000799405 -5.1975461894 -4.6970252833 -6.0906499760 0.0000001000
-0.0003609244 -0.0018967701 0.0004116081 8.2015938693 4.2095283370 -1.7942961852 0.0000001000
0.0002341675 -0.0010218312 0.0029310469 -3.3619578047 -4.4713302374 -7.9745169416 0.0000001000
0.0000023929 -0.0003009532 -0.0000132751 -0.3248276034 -8.1410085714 5.9649848471 0.0000001000
0.0012351916 0.0019512267 0.0005444005 5.5855438984 -1.4585540611 2.0752987405 0.0000001000
0.0006418171 0.0045441913 -0.0042789511 -1.8935656674 -5.3764757879 0.4688031189 0.0000001000
0.0045652273 0.0027717263 0.0023677252 -2.2747078600 3.9080898393 -4.1674807310 0.0000001000
0.0004239616 0.0007504716 -0.0000753846 5.0422311969 -6.2556162237 11.7102484062 0.0000001000
-0.0004240614 -0.0004495234 -0.0015681003 2.7527131676 1.9798180231 6.4090819596 0.0000001000
0.0000949512 0.0019315479 0.0017676383 2.9629955498 -5.8941082808 7.5386144225 0.0000001000
-0.0032581636 -0.0000719461 -0.0004950300 3.9747695744 7.2049892157 3.3184204016 0.0000001000
-0.0005622693 0.0006089190 0.0002745802 -6.5495542923 2.6414208743 6.6993844333 0.0000001000
-0.0017248952 -0.0043210645 -0.0054222989 -4.5461611160 4.7949305471 4.0421990428 0.0000001000
0.0034244055 -0.0077098249 0.0013398439 2.9333549691 0.0906623099 2.1493586120 0.0000001000
0.0009453942 -0.0000913108 -0.0004921138 2.7793093018 3.3053742655 -8.6990789673 0.0000001000
-0.0003312517 -0.0006015841 -0.0000850043 -8.2502213374 -7.2648669406 -5.7042729289 0.0000001000
-0.0024841568 -0.0000581265 0.0000706750 5.5885194958 -5.5864073490 -3.7177115593 0.0000001000
-0.0005884573 -0.0004220572 -0.0001885978 -2.8774734590 3.4833777530 -9.2208714173 0.0000001000
-0.0008897696 0.0012396630 -0.0037148240 -6.1529819015 -3.2927876394 1.4605386952 0.0000001000
-0.0011501998 0.0003127110 -0.0001260299 -12.8707395108 11.3512308935 2.0424370779 0.0000001000
0.0011787289 0.0011325380 -0.0018470939 -5.7116301157 -7.4720647788 2.4103958230 0.0000001000
-0.0072038244 0.0038524758 -0.0025064582 -4.1816333524 -1.6480597365 -2.0309725378 0.0000001000
-0.0011825549 0.0002575543 0.0008810314 2.0402099247 -0.4560887222 10.2911499232 0.0000001000
0.0015897067 0.0011526791 -0.0035633508 -7.0970246302 7.3267082839 2.6272607748 0.0000001000
-0.0008750585 0.0010870341 0.0010104937 -8.5578973855 1.5995140107 2.3344025030 0.0000001000
0.0001491675 -0.0010541232 -0.0007852233 -0.0855414305 -5.7896314064 9.6766603751 0.0000001000
-0.0002753383 -0.0002185527 0.0001393380 -3.1611594542 6.1471609270 12.5879855575 0.0000001000
0.0001511323 -0.0005271234 0.0005075347 -2.4687852979 10.9555789408 2.4810048576 0.0000001000
-0.0000581331 -0.0004855018 -0.0000564763 -10.7651606921 5.2201317975 -6.2880680148 0.0000001000
0.0006284790 0.0003949961 -0.0001370905 7.7083703260 1.0855193045 -3.5152126096 0.0000001000
-0.0002590482 -0.0004671262 0.0005810522 0.3955397828 8.4544660122 3.4445686346 0.0000001000
-0.0026681432 0.0017307708 0.0088257262 -0.0972581594 -0.1302795675 -0.9014175121 0.0000001000
-0.0006048190 -0.0020242090 -0.0008187282 -4.6375348669 -0.7093301233 2.5074598124 0.0000001000
-0.0034488120 -0.0008136615 0.0005907677 7.9527074979 2.3638333130 -2.4345982252 0.0000001000
0.0000803635 -0.0002044131 0.0014247580 -0.1772407320 -6.0018514918 0.0673786697 0.0000001000
0.0006221820 0.0013052419 -0.0004881317 1.2079707005 8.6822913841 -0.3916286624 0.0000001000
0.0003442766 -0.0011853648 0.0006835540 5.9097455421 1.5438390479 -1.5616993367 0.0000001000
-0.0019133781 0.0004264129 -0.0083529874 -0.3034691601 -0.6945203409 -4.9841822286 0.0000001000
-0.0006905914 0.0043072921 0.0026188693 4.8157628232 2.6446402801 -0.5933450013 0.0000001000
-0.0009749839 0.0027452876 -0.0013922217 4.3129267040 1.1559244994 6.2741843433 0.0000001000
0.0026285725 -0.0004065155 0.0012033085 2.6326663338 -2.4150047176 3.5721736585 0.0000001000
0.0017711178 0.0032843955 -0.0039943070 4.1866318764 1.1107254342 -5.2042169478 0.0000001000
-0.0017624163 -0.0000068647 0.0034670331 -5.3296625072 -2.4755629401 9.0112169288 0.0000001000
-0.0005116421 -0.0005071311 -0.0001693560 -1.6966153901 -1.7498881113 3.7927488563 0.0000001000
-0.0016374713 0.0009255425 0.0009732366 -7.0029613797 -6.9059498651 8.8204417993 0.0000001000
0.0028333782 -0.0012314010 0.0058757066 0.6290285756 -1.3985760280 -6.0658650638 0.0000001000
-0.0003378917 -0.0035107420 0.0007317978 -4.0668078354 -4.0004016918 -4.1018223870 0.0000001000
0.0044495771 0.0023437070 0.0060104765 5.1359913307 -1.7992454575 -3.1157365649 0.0000001000
0.0011456822 -0.0011707427 -0.0012883345 3.8857863322 1.2828175665 10.5700070675 0.0000001000
0.0045082135 0.0005000349 -0.0041124352 6.7738428303 -1.2604247102 -0.3992783936 0.0000001000
0.0002024719 -0.0002681188 -0.0005866447 1.4584932057 -13.2950730558 6.8322502267 0.0000001000
0.0002611595 0.0007355445 0.0001022171 0.3671819361 -1.4958149767 9.8039845874 0.0000001000
-0.0006214511 -0.0002401738 -0.0006129010 -4.5268011025 -3.2722009768 1.9679469638 0.0000001000
-0.0009870804 0.0006980680 0.0004593814 2.2468652214 -11.3845284716 -6.8171668527 0.0000001000
-0.0005810118 -0.0004093745 -0.0000758756 -3.2484917355 2.2304227863 1.2151437739 0.0000001000
0.0000378260 -0.0000718091 -0.0006023359 -1.2567633291 1.1509451861 -5.4040561810 0.0000001000
0.0011731935 -0.0004901930 0.0007800513 4.0836988212 -9.4941383735 9.3262123869 0.0000001000
-0.0043756310 0.0018525644 0.0025258374 4.0393011908 -4.4309656961 0.9269239218 0.0000001000
-0.0007664171 0.0010437014 0.0001028656 5.2579181066 -0.4745018669 -7.8841483364 0.0000001000
-0.0023479220 -0.0031107894 0.0002184263 0.7007030956 2.6024748312 -2.7284118754 0.0000001000
0.0001457454 -0.0035017959 0.0049378026 -6.7362038893 1.5333644397 4.7046176401 0.0000001000
-0.0004620338 0.0002151532 0.0004637382 -0.2815900937 -2.1146443406 -7.9887290002 0.0000001000
0.0034422768 0.0040307296 0.0013867590 3.6611681177 0.5256611520 -2.3699989199 0.0000001000
-0.0080204779 -0.0014077809 -0.0074375544 -2.2536203006 -3.1656566947 1.3008942014 0.0000001000
0.0007241275 0.0000481102 0.0010386946 12.4294297566 -4.9236459244 3.7953263149 0.0000001000
-0.0003408918 -0.0019933774 -0.0023630207 1.9599558235 1.8804500376 10.6613943562 0.0000001000
0.0031421846 0.0006095154 -0.0022361870 -4.5087906092 -8.0189533802 2.6650077601 0.0000001000
-0.0003684016 0.0086271799 0.0028997350 -1.4471180148 0.9177557709 1.5350505987 0.0000001000
-0.0018934392 0.0048465362 0.0058566046 1.8743834496 -0.7382896907 0.9635632613 0.0000001000
0.0011475478 -0.0000292523 0.0000648140 2.0059033329 -0.4018827987 -4.8424057593 0.0000001000
0.0002249583 -0.0000108270 -0.0001542917 -8.9961271083 3.1628221477 8.0188872387 0.0000001000
-0.0023833073 -0.0020009997 -0.0010590055 7.9753903199 2.8501752958 -5.0272675998 0.0000001000
-0.0014328312 -0.0011180450 -0.0007549531 1.0289187465 -2.9862224604 -0.7236163172 0.0000001000
-0.0000695948 0.0009862330 0.0003425136 0.4337761899 9.0502283399 -0.1612462030 0.0000001000
0.0001604743 0.0003310366 0.0008713173 5.9942421161 16.0274968756 -2.7767607237 0.0000001000
0.0001504463 -0.0029821741 -0.0022144804 -4.7059978459 0.7187290606 -2.2609625314 0.0000001000
0.0012833278 -0.0045733582 0.0002559455 6.7606061344 -4.5627794129 -3.1251464613 0.0000001000
-0.0009547554 -0.0005982401 -0.0004485120 -2.9905170214 -5.4358085217 8.9982034123 0.0000001000
-0.0019025454 0.0021163097 -0.0023981122 -7.8395192749 3.5049669827 -8.1947334535 0.0000001000
-0.0068897728 -0.0050577481 0.0011266254 2.7524063119 1.3155673171 5.3572829978 0.0000001000
-0.0002799630 0.0002996633 0.0000151020 -6.7395987701 -7.1415292733 -6.6067380050 0.0000001000
0.0013506567 -0.0006191464 -0.0002172499 -2.5348341738 -8.7593441297 -7.3642042405 0.0000001000
-0.0000232445 -0.0000474325 0.0002399886 -5.9375438284 -3.9404387436 16.7975884166 0.0000001000
-0.0005075797 -0.0000865798 0.0001738093 -1.4375967220 4.8312426598 4.5865210159 0.0000001000
-0.0001028973 0.0001410034 -0.0001399121 -14.0974864255 -5.2297433419 -0.2474709675 0.0000001000
-0.0013246166 -0.0003074231 -0.0000692812 -7.6905973235 -8.4855960032 0.9042354269 0.0000001000
-0.0015811128 -0.0003054243 -0.0004591362 3.2094241106 3.6077415818 -12.6119939185 0.0000001000
0.0003067043 -0.0020075359 0.0008876912 1.0373091859 -3.7881377698 0.2615690511 0.0000001000
0.0009695648 0.0024562001 -0.0018192203 -10.0430121248 -2.1281165934 -5.6506406193 0.0000001000
-0.0032538711 0.0003382413 0.0059847275 0.1279773765 -0.4584049667 -1.8218054083 0.0000001000
-0.0017286336 -0.0031515573 -0.0037303434 0.7253464416 0.2993893981 1.1678085807 0.0000001000
0.0023940936 0.0013440707 0.0006096494 -6.9416652854 -1.0091213992 2.3260761422 0.0000001000
0.0021959970 0.0008213112 -0.0014565633 -2.9253310804 -3.9709031930 -0.3781110259 0.0000001000
-0.0077815258 0.0091938692 -0.0015584823 1.6524971530 -1.5860511698 0.2796589659 0.0000001000
0.0001081700 0.0002667680 -0.0023500157 2.2421627229 1.1054044539 -0.7141321566 0.0000001000
0.0000685862 0.0003129868 -0.0047143436 1.9537875090 -1.7610704215 -1.1713761001 0.0000001000
-0.0004032789 0.0033870997 0.0007124445 -0.4935818424 4.9605429968 -4.9142495657 0.0000001000
0.0031470948 0.0043256277 -0.0006638392 2.2428038965 -3.8962721574 -1.4172614748 0.0000001000
0.0006666693 -0.0000536600 0.0009016664 -0.2666038047 3.8119181810 3.8023848977 0.0000001000
-0.0006287728 0.0000856305 0.0001521205 1.2462295416 0.1393149195 -3.4544492580 0.0000001000
0.0015390603 -0.0004915330 -0.0009927294 4.9279397118 13.4860400346 1.4433803066 0.0000001000
0.0000504938 0.0005253015 -0.0001856078 0.4482699626 6.1543138871 2.1710472475 0.0000001000
-0.0003541961 -0.0003639646 0.0003681178 8.8446195756 1.9386944653 0.9910758367 0.0000001000
0.0003802687 0.0010236295 -0.0000014570 0.9621771246 5.0268662377 -0.4776112946 0.0000001000
0.0010375739 -0.0006186592 0.0025917523 -1.9352407919 6.4732181448 -0.8924786004 0.0000001000
-0.0009836183 0.0011836438 0.0001528152 -6.6527209703 12.3716498671 7.7651155446 0.0000001000
0.0001591463 0.0019371785 0.0007238855 -2.5612352355 -9.2572714609 9.6464733850 0.0000001000
-0.0024993152 0.0001968483 0.0011362990 4.6424619632 10.1361180630 -2.6884328376 0.0000001000
-0.0014837620 0.0010135991 -0.0009133451 -5.8573503249 3.2804658375 -6.4713384605 0.0000001000
0.0008146427 0.0005754207 0.0022007945 11.6470704357 -3.4875553737 -1.8720130541 0.0000001000
-0.0004866018 0.0008081051 0.0002528898 -4.4956941901 -6.1991206154 -2.3319823401 0.0000001000
0.0017872098 -0.0025367265 -0.0001179118 3.0252775791 8.5841616514 3.0354137435 0.0000001000
-0.0044739093 0.0028874193 0.0052816239 3.5505626395 -2.3782659724 0.1391456332 0.0000001000
0.0001921892 -0.0006756965 0.0001297624 -2.9196398104 -12.6605241727 -3.1076636824 0.0000001000
0.0005555655 0.0002917796 0.0010443977 7.4090624123 2.5673564902 4.2965587910 0.0000001000
-0.0022993393 0.0013926613 0.0019949712 4.5219941699 2.1618257191 4.1906546510 0.0000001000
-0.0085439325 0.0069567134 -0.0031040101 1.9639579691 -0.6565089182 -1.7777873506 0.0000001000
-0.0046873492 0.0012603046 -0.0066509504 4.0335619585 2.4782525686 -0.2075933983 0.0000001000
-0.0004245382 -0.0016663812 0.0006848956 6.3424069950 3.9408236025 -5.2480929236 0.0000001000
0.0011549274 -0.0011004713 0.0000781243 -9.9048096215 -10.2416704794 3.2186759377 0.0000001000
-0.0012825832 0.0002098357 -0.0005270268 -0.2593874105 12.9707967612 -0.7091423999 0.0000001000
-0.0001136056 0.0005549401 0.0011556891 -8.3759865167 4.9355481850 6.5120203010 0.0000001000
-0.0008339434 0.0014428921 0.0017423005 -8.2248641007 2.5546600149 -1.0702788927 0.0000001000
0.0005716264 0.0016334726 -0.0018395392 0.1064581563 -10.2995974790 -2.5520786883 0.0000001000
0.0001190405 0.0000649213 -0.0003421689 4.5192426545 3.8136903369 7.3488877594 0.0000001000
-0.0022755718 0.0001325904 0.0028597329 0.5905679576 0.6516078660 -0.6335126651 0.0000001000
-0.0004306069 -0.0008290623 -0.0012942858 3.4284803729 1.4658643171 4.6539161888 0.0000001000
-0.0015936419 -0.0001723115 -0.0001155910 11.1389876005 -3.3141513689 -12.0415698747 0.0000001000
-0.0003153119 0.0007005377 -0.0028845937 3.0765483895 4.1874258332 4.6642105515 0.0000001000
-0.0031079463 -0.0055718437 -0.0088041907 4.4292296408 -0.6221987164 2.3399311910 0.0000001000
0.0006924302 0.0000415007 0.0002484531 -8.2100126736 9.6082280817 8.7185652043 0.0000001000
-0.0023013533 -0.0004217487 0.0020260280 7.9207858708 -0.1735043131 2.0255289442 0.0000001000
0.0001562745 0.0021486350 0.0003021220 1.6458909890 2.2432492240 -2.2020985906 0.0000001000
0.0030021701 -0.0053541552 -0.0018633823 -4.4680410800 -2.2180174371 2.1781042830 0.0000001000
0.0034622355 -0.0054954393 0.0046922015 1.3332401402 2.6078209530 -1.2935591907 0.0000001000
-0.0018703435 0.0095011524 0.0038669639 1.9748766156 -1.3096019399 -0.7913571540 0.0000001000
0.0007515783 -0.0038865113 -0.0005602639 -8.6343961149 0.8534089125 2.9388765660 0.0000001000
-0.0009195996 0.0009600167 -0.0001100497 -2.6432108226 -4.3630417774 0.4285040745 0.0000001000
-0.0036008021 -0.0015506694 0.0027652970 1.2375479761 2.7161216615 3.1891867219 0.0000001000
-0.0032542815 -0.0003158105 -0.0001632238 -9.3120499667 -3.5133052051 -2.2331467105 0.0000001000
-0.0006978468 0.0032889973 0.0026679693 3.0086824897 2.6412661571 -0.3198874851 0.0000001000
-0.0026869660 -0.0006823745 -0.0012046229 -0.0919570345 -1.0125931229 -5.9185793750 0.0000001000
-0.0013380534 0.0004907830 0.0011127365 1.5997678757 -2.9105710653 -1.9735419224 0.0000001000
0.0016599431 0.0016157504 -0.0007613454 0.7593062091 5.0945302316 -0.3683004121 0.0000001000
-0.0025478525 0.0015967294 -0.0021582194 -2.2558275985 -8.9133673631 7.1297359593 0.0000001000
0.0009957230 0.0002316009 -0.0003081871 -10.9769970791 10.7046768628 1.3558586257 0.0000001000
-0.0004988236 -0.0000135988 0.0084912062 -0.2526302684 1.3793914894 -3.0111739514 0.0000001000
0.0022680897 -0.0014547056 -0.0034614051 4.8947122721 1.6748170344 6.0490079867 0.0000001000
0.0028536486 -0.0023080433 0.0013295874 0.9981647181 1.9811482037 -3.6797496462 0.0000001000
0.0020887797 -0.0002752348 0.0044150221 7.0121323671 -3.4852976638 -5.5120273420 0.0000001000
0.0004813416 -0.0002005216 -0.0008409614 0.1378043645 -2.2223862623 0.7211193115 0.0000001000
0.0003811700 -0.0009676541 -0.0018781645 -6.6539924874 1.7305212644 3.2611741573 0.0000001000
-0.0002062867 -0.0007384654 0.0013777381 2.5142316527 -0.7692781156 -2.5534770734 0.0000001000
-0.0011731577 -0.0012427427 0.0006501754 -3.8225506007 6.1956764830 -0.7444470461 0.0000001000
0.0006267146 0.0011117713 0.0006157705 -3.1927971753 1.7680205733 0.8399990623 0.0000001000
-0.0041644437 0.0045817782 0.0080259954 -3.7415158227 -0.8077837305 -2.6237070511 0.0000001000
-0.0071066873 0.0010323261 0.0017479158 -1.5982213490 -1.7017010714 3.1970108966 0.0000001000
0.0017918050 -0.0018678222 -0.0005978752 -5.6561111595 -0.8424571309 -1.1224193424 0.0000001000
0.0015106001 0.0021751135 -0.0008020095 -3.0328993322 -6.0130399907 -4.1112366671 0.0000001000
-0.0014072524 0.0022008317 -0.0076559424 -0.8415286991 -4.1206709315 -0.0949024621 0.0000001000
0.0002382356 -0.0006085756 -0.0006995674 9.1054266449 4.3037513330 13.8705371394 0.0000001000
-0.0023936730 0.0003222502 -0.0016121213 -1.5176343481 6.7900823281 -1.6425577372 0.0000001000
0.0011785466 -0.0030094722 -0.0042195996 -0.9155357089 -1.0960752682 -2.0479671842 0.0000001000
-0.0005151211 -0.0025846699 0.0030893545 0.4270488308 1.1309599863 2.9720338673 0.0000001000
-0.0003634613 -0.0003829643 -0.0006772386 4.0023480334 -9.6129665519 -0.4265300127 0.0000001000
0.0012670714 0.0000653110 0.0002143099 -8.2659297686 -4.3207894290 -4.4428357240 0.0000001000
0.0015240678 0.0023199813 0.0009009986 -0.9011854363 -6.7727814708 6.2850636658 0.0000001000
-0.0000716197 -0.0004125405 0.0005156290 0.0722846213 -3.3691344881 1.3258583276 0.0000001000
-0.0004125641 -0.0019978650 0.0000516563 0.5578394806 1.3835274654 -7.3251987603 0.0000001000
0.0055229217 0.0023607462 -0.0028537576 1.8052156052 0.0613774497 -2.5543722410 0.0000001000
0.0021079738 -0.0000737387 -0.0022609522 4.2920753462 -1.6628907926 -3.9814904869 0.0000001000
-0.0035928303 0.0007622374 -0.0012138500 2.4531579643 7.1243020355 2.7157990763 0.0000001000
-0.0012696915 0.0019650042 -0.0006478562 -5.6198829808 3.6267805573 1.0646809687 0.0000001000
-0.0037656434 -0.0027449360 0.0017219061 0.3406247391 -2.9260563170 6.0460078925 0.0000001000
-0.0017732187 0.0006883541 -0.0005837677 -5.0288159315 -7.3760055482 -3.1798280111 0.0000001000
-0.0016287699 0.0010377238 -0.0001105229 2.0347570480 6.2034535979 7.2616437958 0.0000001000
-0.0000249436 0.0006251906 -0.0000064040 2.7814219643 -7.2094642800 -1.8101450222 0.0000001000
-0.0001639084 -0.0017618679 -0.0004875107 4.2583155505 -10.6868935458 -0.3068253617 0.0000001000
0.0020977726 -0.0058480575 0.0002025368 0.1062271120 -5.2070727683 -2.5564004538 0.0000001000
-0.0001956131 -0.0013584234 0.0003956824 4.5143426337 -2.7622363943 3.4269450631 0.0000001000
-0.0015651856 -0.0005905014 -0.0018785231 0.3945524296 -7.9919816702 -10.6917153055 0.0000001000
0.0002557181 -0.0003875553 -0.0011431580 -5.8252756568 -4.3901839341 -1.4143436385 0.0000001000
-0.0017200317 0.0009207170 0.0008851420 -1.8632572244 4.0166539538 0.4317129079 0.0000001000
-0.0005636261 0.0000730445 0.0001700760 4.8596199751 -4.5069871231 0.9281757124 0.0000001000
-0.0009246839 -0.0004712690 -0.0001269709 -6.5550842696 0.2416805496 -4.3843578024 0.0000001000
0.0024319236 0.0008015001 0.0022851664 -4.7667940749 2.2935057346 6.1964922291 0.0000001000
0.0000755204 0.0011750580 0.0014244767 3.2399071261 8.0387204288 -4.4842692318 0.0000001000
0.0000214637 0.0001930611 -0.0011496705 -0.5451812978 1.3016181487 -0.2963929139 0.0000001000
-0.0004143054 0.0029986201 0.0009656374 -0.6004770746 -6.3430717630 7.3655255249 0.0000001000
0.0018767708 -0.0000487404 0.0028075966 7.3217381247 -2.2888581607 6.6840972195 0.0000001000
-0.0006504912 -0.0002011286 0.0000841493 0.8666218852 4.0730110902 -2.8095169208 0.0000001000
-0.0025358534 0.0019799634 0.0043725553 2.9537940058 -1.2105633730 -2.7810450991 0.0000001000
0.0026401409 -0.0032892442 0.0023000025 -1.7998687097 -7.1692563898 -4.5590156607 0.0000001000
0.0033588920 -0.0000425828 -0.0044817813 4.6767185297 -3.4027313150 2.8777023114 0.0000001000
-0.0000970493 0.0000064745 -0.0002322970 -0.8417792119 -1.3030285244 -7.2466141860 0.0000001000
0.0005222359 -0.0000743753 0.0009365080 -12.6158258753 -4.7119171948 -2.7245833998 0.0000001000
-0.0016037498 -0.0012385986 0.0016940400 6.1294202861 4.3571118562 -1.8773287483 0.0000001000
-0.0022304733 -0.0004712408 0.0006602437 2.2453415154 -6.1239181579 -0.9255597035 0.0000001000
0.0007777689 0.0009333790 0.0027125116 -5.3376807230 4.3297514194 3.8694093940 0.0000001000
0.0024671302 -0.0004846490 0.0027963350 -1.9474420434 -1.3155528768 5.3921844770 0.0000001000
-0.0007552937 0.0011263560 0.0051444633 -1.4415853299 -1.5733643644 -2.6574727775 0.0000001000
-0.0026787165 0.0006863862 0.0004926889 -2.3130274276 -7.6544000883 -6.1467364863 0.0000001000
0.0016619368 0.0028052385 -0.0041689963 1.2464877903 4.0256648089 -7.2038116893 0.0000001000
-0.0003633578 -0.0000787846 0.0003827680 -7.0194054909 -4.4323021943 -10.0639672721 0.0000001000
-0.0018992866 0.0034171697 -0.0038127919 4.1851697995 0.2069914197 -3.1207882084 0.0000001000
-0.0012154163 -0.0026435119 -0.0005273506 -7.2901723470 0.4550463155 4.6337476492 0.0000001000
-0.0003439510 -0.0001109728 -0.0004230133 -3.7497521896 4.0548505212 -4.6331919568 0.0000001000
-0.0012433131 -0.0005402499 0.0041496251 -3.8560315187 4.7031977235 1.4551535073 0.0000001000
0.0000236493 0.0002619024 -0.0002416390 3.8843022080 6.3995708524 3.1703656397 0.0000001000
-0.0049911029 0.0068243453 0.0028183568 -3.7554924534 -1.5186445221 -0.4096592690 0.0000001000
0.0007186522 -0.0016993727 0.0016991874 -2.4968177229 5.1560865085 -7.8260037013 0.0000001000
0.0015817028 -0.0000628966 0.0001666965 1.4191311025 -12.1315164889 1.6140650287 0.0000001000
-0.0003413649 0.0008940225 0.0003584378 -3.7834145134 0.0763391128 -2.6067002852 0.0000001000
0.0001426217 -0.0000531351 -0.0003468451 -0.5425073989 2.7143340339 -15.5351186036 0.0000001000
0.0013061618 0.0023055768 -0.0010079586 6.3135392264 -3.0631821179 -8.2563753406 0.0000001000
0.0005219790 0.0001023133 0.0000786137 3.7213046070 -2.1081601453 6.8878981139 0.0000001000
0.0029523683 0.0005380949 -0.0026683935 -1.8938854162 -5.2663026152 -1.0132260449 0.0000001000
-0.0012348762 -0.0005175199 -0.0001844182 -4.2486626193 -4.8439081917 10.8542736388 0.0000001000
0.0004329482 -0.0009819767 -0.0001628157 6.6337865579 11.0730877688 -1.5448010017 0.0000001000
-0.0010272323 -0.0023822132 0.0012768208 6.6699436955 -0.2557977150 0.5409207746 0.0000001000
-0.0001326621 0.0017224091 0.0000512875 -10.8264908242 7.9538944362 -6.4150638399 0.0000001000
-0.0001532148 0.0007905341 -0.0000367453 -7.5580025430 -8.0325580451 8.8642188850 0.0000001000
0.0003873107 -0.0008960124 0.0001955319 2.4054890978 -5.7787509235 0.5747619256 0.0000001000
0.0000188349 -0.0004932203 -0.0000544825 -1.5472193596 12.7859848170 -3.2635825875 0.0000001000
-0.0011278883 -0.0004113905 0.0003500085 3.6399446651 0.0339783336 8.3132002385 0.0000001000
-0.0011189194 0.0003607664 0.0003735644 13.9210784585 -0.6409035029 5.4409919327 0.0000001000
0.0022796895 -0.0068591426 0.0007641079 0.1271746524 -3.4910624244 2.7924924914 0.0000001000
-0.0010236286 0.0005690734 0.0009465036 -3.0241787006 -1.3873061736 5.0469828181 0.0000001000
0.0000134801 -0.0010066065 -0.0000003381 11.7916141499 -6.7125308776 -1.0546166188 0.0000001000
0.0056684698 0.0025775737 -0.0045996702 -1.0008996014 -3.2038506835 3.2429817425 0.0000001000
0.0010901801 0.0028588829 -0.0001727972 -6.3230860475 -8.7964590955 1.8537165920 0.0000001000
-0.0006933259 -0.0001758442 -0.0014774721 3.6461913696 -10.0490788417 0.1568340570 0.0000001000
0.0069443721 0.0004052468 -0.0031648985 -2.2855202673 0.7164120425 0.9789016607 0.0000001000
0.0002437263 0.0014644902 -0.0014885283 4.7487847420 -4.6502916819 3.7222953124 0.0000001000
0.0024547034 0.0008464526 0.0007188103 -1.7450659649 4.1329259472 5.2128888435 0.0000001000
0.0002893234 0.0001049148 0.0005702590 3.0033711792 1.3102930098 11.2118030304 0.0000001000
0.0004906290 0.0004799776 -0.0004238576 2.2465624915 -0.5222942492 2.1788183026 0.0000001000
0.0000034881 0.0029722197 -0.0032730628 3.6272154414 8.1800118598 1.2137511907 0.0000001000
-0.0001355108 0.0006870841 -0.0002244246 1.4785869653 4.5371354338 3.5112264514 0.0000001000
0.0060012589 0.0003272195 -0.0053345253 3.8049898186 1.4792595981 -2.4653808762 0.0000001000
-0.0003589244 -0.0024443720 0.0013200504 -5.8468135719 -3.4048532606 0.0360779741 0.0000001000
-0.0007317698 -0.0000960445 0.0002168351 -7.4774891617 4.3064379961 6.5982900623 0.0000001000
-0.0002922939 0.0001382595 -0.0006529356 -10.3778822888 6.2368388491 4.8242325552 0.0000001000
0.0022220651 -0.0031358876 0.0009197500 6.5052693475 -2.5204985994 5.3167962299 0.0000001000
0.0026420913 0.0010118709 0.0022824529 -0.8674407257 5.2534253788 -7.0200012808 0.0000001000
-0.0019787093 0.0011917692 -0.0015817240 -0.2659012600 4.2089808962 1.7567933951 0.0000001000
0.0006001879 -0.0001065843 0.0000937977 3.6780427293 5.0638068888 -1.2197075427 0.0000001000
-0.0028602033 -0.0024255358 -0.0007535157 -0.3904317964 5.5394941468 2.2739663781 0.0000001000
-0.0006086935 -0.0007147166 0.0018084431 1.7226626652 -4.8139035100 0.5992791772 0.0000001000
0.0002731764 -0.0001958970 0.0004236632 -5.5896582140 -4.9875168986 -4.5173144921 0.0000001000
-0.0057256770 0.0061329527 -0.0027306119 -0.5100611518 -0.8469083430 -0.1192174209 0.0000001000
0.0005349349 -0.0030222839 0.0025927643 2.9010554454 -3.6240256897 8.2281318557 0.0000001000
-0.0045931277 -0.0047068726 0.0007836312 4.0873678093 -5.2845928887 -0.7218234034 0.0000001000
-0.0015224877 0.0000600462 0.0010884874 -10.9510623607 -1.8932580382 2.5428780468 0.0000001000
-0.0024025966 0.0021798918 0.0016256005 2.9818743931 -7.5079899697 2.6574021234 0.0000001000
-0.0012559159 -0.0009556076 -0.0006047358 -5.3357614569 -4.8860800871 -2.8794491969 0.0000001000
0.0005460702 0.0009228416 0.0000312409 10.5862736408 2.3170691550 -7.9012992471 0.0000001000
0.0014241482 0.0016917118 -0.0010791590 -1.3420073159 -4.4008448476 -0.8576000709 0.0000001000
0.0002787438 0.0000828019 0.0010014766 -5.6428105137 -1.2374439288 -1.1645461120 0.0000001000
0.0009828308 -0.0001373922 -0.0001222531 10.6268988806 -9.4602840715 5.7444358223 0.0000001000
0.0063122076 -0.0023382914 0.0036826235 5.0134429787 2.4269607425 1.8296721302 0.0000001000
0.0001248711 0.0016478498 0.0001844997 -1.3182676469 -4.0487635622 -1.6660860883 0.0000001000
0.0013749773 -0.0008653292 0.0015846636 -0.9439769739 -12.2286016230 -4.6499329960 0.0000001000
-0.0019313778 -0.0014744620 0.0014001381 4.1554130520 -6.1556841653 -0.0512304550 0.0000001000
-0.0000929530 0.0000712220 -0.0001765293 11.4522289530 -16.7234945073 -10.4464194031 0.0000001000
-0.0015663300 0.0030614781 0.0015958902 -3.2193137591 -4.6753584371 8.5440641261 0.0000001000
0.0008647720 0.0011153139 0.0029060082 2.6946283565 5.8510676486 1.0342951671 0.0000001000
-0.0039185658 0.0011694922 0.0008415351 2.3332414797 6.0609139863 5.1670314569 0.0000001000
-0.0004589044 -0.0009580453 -0.0000994939 -12.3684557318 4.1345649174 -4.8125102821 0.0000001000
-0.0004305652 -0.0010715937 0.0011012746 -1.6048175853 -2.1107775725 -0.8594707301 0.0000001000
-0.0000524041 -0.0005225340 -0.0004385962 1.9617653694 8.1614472213 2.9659625088 0.0000001000
-0.0000276581 -0.0013792362 0.0000421707 11.2966393375 -2.8838786197 -7.6882055255 0.0000001000
-0.0000079285 -0.0004179733 -0.0000808601 6.5143908254 -4.8128582668 6.8422778313 0.0000001000
0.0031349298 -0.0034501079 -0.0021614068 -6.7929063027 6.4350509736 -3.2213186354 0.0000001000
0.0015031505 0.0035838495 -0.0038271531 -3.2688134451 -1.1518068316 -3.3222165155 0.0000001000
-0.0000732258 -0.0011215420 -0.0005199666 -0.6647857695 1.7189173500 -14.7352318937 0.0000001000
-0.0009085693 -0.0000801495 -0.0004463716 -0.4748994899 0.0367203081 -13.9389374580 0.0000001000
0.0009570856 -0.0013089945 0.0021928341 0.3044107429 5.0110621398 2.5003011793 0.0000001000
0.0007293470 0.0006452032 -0.0002740383 3.1451996076 3.7971292853 -4.9105736154 0.0000001000
-0.0008495348 -0.0010161549 0.0009277893 4.8686236101 -3.2591079099 -2.7704606418 0.0000001000
-0.0001256140 0.0005336605 0.0015238659 2.5838646800 -2.9695582641 4.4359132923 0.0000001000
-0.0029613000 -0.0027146449 0.0029448964 -6.9687816560 -4.5390498006 -2.2740318750 0.0000001000
0.0004122509 0.0007121973 -0.0003758503 -14.7730470834 0.0982183082 -10.5673051906 0.0000001000
-0.0029449281 0.0019964420 -0.0012118356 -0.0487932733 1.0775522744 0.1993250565 0.0000001000
-0.0006342408 -0.0000680242 -0.0001890015 3.5382184036 2.8556705907 -3.1055472808 0.0000001000
-0.0003940724 -0.0005908519 0.0006009614 -5.9032518059 8.3164958425 -4.1170451353 0.0000001000
-0.0007052373 -0.0012261752 0.0002375685 6.4244298999 0.3501568621 0.4164022287 0.0000001000
-0.0012742091 0.0037207822 0.0011860861 -0.8584053736 4.6961503578 -0.2733418651 0.0000001000
0.0028720241 0.0014578913 -0.0011843764 -6.3067681597 -3.8288042675 -3.2935176465 0.0000001000
-0.0034599152 -0.0050867252 -0.0067371277 1.1949382312 1.4846525218 -3.4334066955 0.0000001000
0.0028343126 0.0011824696 0.0006347689 -1.1927703862 0.5807762966 10.4862161326 0.0000001000
0.0014039073 -0.0021002435 -0.0010030897 1.0397481727 -6.3825624104 3.6927639362 0.0000001000
-0.0004304902 0.0003436263 0.0006914097 2.4841858420 -4.2391134774 2.4758508429 0.0000001000
0.0000373233 -0.0003962600 0.0003428226 -9.0916863446 -2.5706226979 -6.2716251929 0.0000001000
0.0002263088 -0.0002489521 0.0000968146 15.8415976567 -4.6524526935 -10.5915592940 0.0000001000
-0.0005114708 -0.0004752114 0.0004818875 5.8127104332 2.8605066617 9.2560556420 0.0000001000
0.0000298609 0.0047979354 -0.0025522006 -1.5683979442 1.1130344585 5.8088248412 0.0000001000
0.0006392193 0.0002160972 -0.0006700225 -4.9199412225 -8.1465404827 10.6565139329 0.0000001000
0.0014933308 0.0008835684 -0.0006992963 -1.8270563791 1.0295690742 3.5663504922 0.0000001000
-0.0023877966 0.0017518394 -0.0002060918 -1.0279245600 1.5946930246 -5.9754246440 0.0000001000
-0.0011814325 -0.0017183003 -0.0036279454 0.8323542306 -9.7644365657 -0.7403264130 0.0000001000
0.0019518642 -0.0022391773 -0.0012288220 -2.9100754547 5.7165351648 -7.1359294153 0.0000001000
-0.0091177602 0.0013148894 -0.0049688149 -0.0567809324 -1.8751592272 -0.2977791795 0.0000001000
-0.0051914811 0.0024686353 0.0108128292 0.7095005700 -1.2413630429 3.2775648911 0.0000001000
0.0001297820 -0.0004726049 0.0001275381 -6.3384575822 -5.2076771966 -8.0845567997 0.0000001000
-0.0008453797 -0.0001988465 0.0016858886 3.6920510770 -10.4663012002 2.4576198777 0.0000001000
-0.0007700009 -0.0008554102 -0.0005261971 3.3626946451 0.2126971300 -10.1660814868 0.0000001000
-0.0018387328 0.0007157450 -0.0027714875 9.3138749843 4.8016210320 0.0871213503 0.0000001000
0.0006260328 -0.0006968727 -0.0011847864 6.5437725128 3.5946361375 3.1601695224 0.0000001000
-0.0003901561 -0.0002533735 -0.0003274719 6.9484456351 -9.0387411080 4.6184683002 0.0000001000
-0.0044453387 0.0022229420 -0.0011736287 0.8557631917 4.4514982077 -1.9828387464 0.0000001000
-0.0000409256 -0.0001416373 0.0001386879 -0.8792929611 -13.3162610524 4.6970784028 0.0000001000
0.0002723037 -0.0014148019 -0.0018342089 -6.6707999260 0.3995606234 6.0682905128 0.0000001000
0.0004167867 0.0010737402 0.0002434294 -1.5544107412 8.8386888809 -8.2724084199 0.0000001000
-0.0016877736 0.0037728336 -0.0026525266 -3.5224723246 0.2765222048 4.2223523250 0.0000001000
-0.0033803753 -0.0097982902 -0.0050260713 -3.7892719754 -0.0868144946 -0.6257908616 0.0000001000
0.0028669551 0.0021234843 0.0055727520 -5.3525953263 -0.4010122570 -2.7365318177 0.0000001000
0.0018082948 -0.0012411927 -0.0013480166 6.5574957941 2.1255329461 -7.5054720772 0.0000001000
0.0004373076 0.0001863197 -0.0019519355 6.0730545114 -9.3617016623 -7.4397925885 0.0000001000
0.0003482048 0.0018967173 -0.0001896219 9.1157134007 0.7166976246 -5.1749184209 0.0000001000
0.0000202961 0.0005956908 0.0002632952 3.8973386742 -19.9063709617 -0.0344837429 0.0000001000
0.0008177316 0.0028193484 -0.0026507907 -2.4291200780 3.5136359130 7.8421134946 0.0000001000
0.0024164100 -0.0001989908 0.0000347926 3.8137620225 6.1229055342 -7.4285677310 0.0000001000
-0.0024287808 0.0020297814 -0.0006958255 -4.8693947461 6.2662268540 3.2994705174 0.0000001000
0.0013220033 -0.0025196946 -0.0013137069 -0.4668159062 2.1518289290 -5.2794351350 0.0000001000
-0.0023648717 0.0011793806 -0.0020380034 4.1707042626 4.9398116736 3.5234919105 0.0000001000
-0.0007211692 -0.0010349748 -0.0007309794 -7.3586175335 11.6080867448 1.6430984736 0.0000001000
-0.0011171876 0.0026046495 -0.0033735251 -8.6052927894 2.7158002367 2.3902361797 0.0000001000
-0.0005944304 -0.0069241019 0.0030808597 3.9032341708 1.4368056017 -3.8944604197 0.0000001000
0.0000289809 0.0001665020 0.0007902297 -6.1630853175 7.3448627930 -11.2686944567 0.0000001000
0.0005949358 -0.0004996909 -0.0001460956 6.6678860865 -3.1331189066 -2.2959790170 0.0000001000
-0.0007777285 -0.0016957006 -0.0000784699 9.2210379961 -7.4328046599 2.9048425342 0.0000001000
-0.0003305498 -0.0007732635 -0.0000330726 7.9725221220 -9.5191463363 -0.2929835928 0.0000001000
0.0048397504 -0.0013599615 -0.0011832515 -3.2806237779 0.9635965255 -0.0358951500 0.0000001000
0.0062459257 -0.0042596039 0.0058538468 -1.3477733658 0.7588323879 -0.1284900059 0.0000001000
0.0031797883 0.0023164424 -0.0015486939 -3.5547830652 -7.2538679702 -3.7698914618 0.0000001000
-0.0024201341 0.0022883632 -0.0010990597 1.1274927752 -4.8041229371 4.1358034281 0.0000001000
0.0027826680 -0.0058631732 0.0006857217 -4.0663796557 -0.2595400648 -1.0262926809 0.0000001000
0.0001919961 -0.0008438990 -0.0001005181 -4.5976476279 10.0373137636 6.6862213569 0.0000001000
0.0016767300 -0.0045537787 -0.0023141231 -0.2721866438 -4.2492202456 -2.2723279236 0.0000001000
-0.0031155122 0.0084142814 -0.0023429826 0.1463138072 -0.9850003524 0.5069902744 0.0000001000
-0.0006454727 -0.0002564675 0.0002983224 0.8078712747 0.4400717593 -2.7396104309 0.0000001000
0.0012528046 -0.0009510893 0.0010101921 -6.1368969919 -10.5003973767 4.9377188665 0.0000001000
-0.0002587889 0.0000570704 0.0005937141 4.3894960875 -4.6737997909 -3.8508318624 0.0000001000
0.0007267954 -0.0001129438 -0.0005106574 18.8469070549 0.7992523696 -0.1721157267 0.0000001000
0.0005204785 -0.0002448319 0.0005726743 -6.5179962505 -12.3690256066 -8.5365927064 0.0000001000
-0.0017074063 0.0011993501 -0.0006173548 -1.3021261366 2.7016084202 -3.0899686831 0.0000001000
-0.0005685524 0.0001933416 0.0002006656 3.9078731064 3.5175569610 -6.0121844050 0.0000001000
-0.0065589100 -0.0051363991 -0.0081207426 0.1214484421 3.5464594120 1.4221951465 0.0000001000
0.0005727560 -0.0009511518 -0.0007575303 2.7011287971 -5.8790532716 0.5585050222 0.0000001000
0.0018722120 -0.0009987932 0.0010326821 6.5040860192 -1.8498642641 -0.4372801463 0.0000001000
0.0005407054 -0.0003080980 0.0011858710 3.7592012811 1.0798789623 0.2518298651 0.0000001000
-0.0001854770 -0.0012595582 -0.0003307866 0.5434408589 9.5579246402 2.2232435242 0.0000001000
-0.0013207577 -0.0008810838 0.0004641624 -4.7345755199 -2.8119316685 1.4540116948 0.0000001000
0.0079133363 0.0068044346 0.0012025262 1.1947652058 -2.3423918382 -2.0863803556 0.0000001000
-0.0003998948 0.0001033142 -0.0012250153 -9.5860094111 2.7320690018 1.3053362594 0.0000001000
-0.0016423266 -0.0026186266 -0.0018934512 -1.4745546499 -6.4266181159 2.2211030126 0.0000001000
0.0012337256 0.0017059759 -0.0002858536 -0.6682373799 12.0374756724 -3.2297625811 0.0000001000
-0.0022647697 0.0007474419 -0.0016277340 2.6900591726 2.4827053279 -6.5403524904 0.0000001000
-0.0003002179 -0.0008803769 0.0002665578 3.3773253424 4.5477225988 12.1009726180 0.0000001000
-0.0035621842 -0.0053964812 0.0063841236 -2.1138982172 -2.4958471307 3.2674908714 0.0000001000
0.0000777504 0.0073298515 0.0023036769 -2.3038242075 -0.7195009702 3.3948609831 0.0000001000
-0.0004197597 -0.0012985923 0.0014999147 -0.0931501615 4.1157234641 11.2874059476 0.0000001000
0.0001853840 0.0002855152 0.0005475941 10.5159213077 9.3978157370 -2.2130912434 0.0000001000
-0.0002070665 -0.0007590496 0.0012139206 -1.9308510799 7.4663130402 13.3153382936 0.0000001000
0.0044143075 0.0028480028 -0.0010679081 -0.9660074053 6.9848887417 -0.2140458766 0.0000001000
0.0031516666 0.0023810490 -0.0023644248 -1.6940808655 3.3128476191 -4.2439331742 0.0000001000
-0.0027337263 0.0009082182 0.0027462856 -4.6463962911 -4.8861806533 7.1788537518 0.0000001000
0.0042905537 -0.0024997185 0.0073845406 2.7727499397 3.3337241185 1.9283138477 0.0000001000
0.0033178800 -0.0016880552 -0.0009744363 -6.5599221457 1.6982257376 -10.0267023597 0.0000001000
0.0003005504 -0.0001767278 0.0001993042 5.9077628419 -8.9479033230 6.7365079084 0.0000001000
-0.0014664474 0.0007083173 0.0036541580 2.2557404412 -1.9441517256 -2.3336259518 0.0000001000
0.0005338939 -0.0002894005 0.0018956679 10.6628145306 6.6413759493 -2.3766896627 0.0000001000
-0.0001818349 0.0003618373 -0.0003800600 -3.6799351778 0.6819749726 -7.4369367679 0.0000001000
0.0011496245 0.0017919538 0.0012079076 -8.2407561296 -2.5296552754 1.1753155853 0.0000001000
0.0011148793 0.0012545754 -0.0009903853 -0.7913987986 7.8991230216 5.8207791899 0.0000001000
-0.0007872038 -0.0003103447 -0.0004564428 -3.5632775519 -13.8029180135 2.4825597649 0.0000001000
0.0001769634 0.0003868809 -0.0000533046 7.7145315493 -3.6428577310 7.9826666669 0.0000001000
0.0011665230 0.0005085641 0.0003571296 -0.8807932016 -0.1364420801 3.2772207744 0.0000001000
0.0012002714 0.0030668368 0.0017789871 4.4747765617 0.6598536449 -5.1518076771 0.0000001000
0.0002337748 0.0002296456 0.0003327723 -1.6068893767 -0.4488266865 -2.7231333134 0.0000001000
-0.0000221837 -0.0002436626 -0.0003604645 2.2921933465 0.5309752990 0.7380855931 0.0000001000
0.0021068369 -0.0028134354 -0.0005166688 -2.2150192768 -1.5382379007 4.3852320832 0.0000001000
0.0001576036 -0.0003916806 0.0007367612 4.7866607871 -9.3686191945 0.9734581960 0.0000001000
0.0049653744 0.0066015171 -0.0013416911 -0.1369062315 -0.2902093855 -2.6868756095 0.0000001000
-0.0001047291 0.0063998199 0.0071255658 0.0737826700 -2.6100232226 1.3318332457 0.0000001000
0.0003063189 -0.0003052937 0.0001849575 6.7994158974 5.4442425398 -10.4125681955 0.0000001000
-0.0004252253 0.0000773624 -0.0001308984 -2.7492469879 1.6596350283 -8.9593553568 0.0000001000
-0.0001769120 -0.0006694074 0.0006998700 -1.3158712073 1.9052095504 4.3153243039 0.0000001000
0.0004944082 0.0010894231 -0.0003792216 7.1109054652 9.6298656604 -2.5298659486 0.0000001000
-0.0017227801 -0.0020044432 -0.0008014737 7.9131247938 -6.1936251916 1.1066733923 0.0000001000
-0.0019850319 -0.0000970443 0.0035474996 1.5374247332 1.9344590836 -6.1940652329 0.0000001000
0.0017537163 0.0012324828 0.0001544452 -4.0035340692 3.6691996133 4.8870435881 0.0000001000
0.0002630139 -0.0000886849 -0.0001470689 -5.1710406937 2.9286346781 3.2850341189 0.0000001000
0.0008804436 0.0003895475 0.0003131904 -7.6981673753 1.0731454145 9.6786473299 0.0000001000
-0.0005454139 0.0001192085 0.0005639772 -0.8902153465 -2.6894498449 -0.7861903751 0.0000001000
-0.0009546716 -0.0028708097 0.0026656848 -3.4429112273 2.5370171037 -3.8908034222 0.0000001000
0.0002833689 0.0006942471 0.0015655006 0.4580143060 3.8699630235 11.1944151447 0.0000001000
0.0007779841 -0.0005335946 0.0003139769 17.4845664258 -1.7909054301 8.9032516986 0.0000001000
0.0003885641 -0.0002933485 0.0000530415 -3.8558873739 1.7349631935 -8.0809851545 0.0000001000
-0.0022797913 0.0000332087 -0.0002675777 -4.3066123107 10.0962203806 -3.6263806135 0.0000001000
-0.0001156518 -0.0001406827 -0.0005136961 -12.9404948936 0.2707092240 1.4040625556 0.0000001000
0.0008245730 0.0010483138 -0.0021111382 -1.0307121760 4.4947040004 -11.8524721368 0.0000001000
0.0027392038 0.0009480031 0.0031342002 2.1695067805 -1.2406495390 6.4193246210 0.0000001000
0.0016184825 -0.0020924239 -0.0015481503 -2.6505848994 -7.8450808404 3.8041106384 0.0000001000
0.0011323006 0.0002405881 0.0003894276 2.7278770698 10.5370835181 3.3276791909 0.0000001000
-0.0004595429 -0.0002373577 -0.0001739013 -0.3137749977 -6.7694666561 0.7759358520 0.0000001000
-0.0011665247 -0.0001804702 0.0002755754 -11.0533593995 -1.9996260717 -1.6300560766 0.0000001000
0.0001663121 -0.0002810246 -0.0000408275 7.9191209855 -6.2952526920 8.6793132081 0.0000001000
0.0005999934 -0.0012870608 -0.0001602823 -6.0604057405 -1.6018325759 1.4382611032 0.0000001000
-0.0000784647 0.0003661442 -0.0002042219 0.0486268234 1.8659018560 1.4619898131 0.0000001000
0.0012544687 0.0007985470 0.0022452936 -11.9823120498 1.8562678776 -6.3496260968 0.0000001000
-0.0013844408 -0.0040538098 -0.0043084244 -1.6236489819 -0.5820029456 -1.7137058321 0.0000001000
0.0025675188 -0.0054105506 0.0034155858 3.2603460339 -7.2524721637 1.0476819387 0.0000001000
0.0029875402 -0.0091026731 0.0022573301 -2.5601645929 0.0976337353 -4.3406335783 0.0000001000
0.0034077283 -0.0005773138 -0.0028682383 3.5415138787 -3.0145184202 4.0700153795 0.0000001000
0.0006074779 -0.0020662429 -0.0004911447 -7.7411318093 -5.1980807371 -0.1338682316 0.0000001000
-0.0009472909 0.0011698029 0.0005288366 -6.7684756928 0.8471783244 -3.4425025162 0.0000001000
-0.0029321749 0.0016501459 0.0046218325 6.9899777752 -1.8749773056 2.1721752643 0.0000001000
-0.0013560343 0.0036285021 0.0000966453 -6.0694258787 -1.4216498975 1.8084368160 0.0000001000
0.0010993004 -0.0002211119 -0.0001333550 -4.1808412007 7.1563126249 -1.6983078666 0.0000001000
-0.0008816901 -0.0013858292 0.0008216461 6.1016532011 8.3911307460 11.0257800379 0.0000001000
0.0056630821 0.0045833232 -0.0005196800 2.7413516434 -0.9950631552 -1.5750662529 0.0000001000
-0.0045201195 0.0023645282 -0.0023829354 3.3872088023 0.0627958191 -4.0568180075 0.0000001000
-0.0003141088 0.0004365853 0.0000681562 13.4203128415 -6.0972040519 2.4049473300 0.0000001000
-0.0045529244 -0.0029901319 -0.0004800704 0.2900653697 0.7764364909 -0.7029247048 0.0000001000
-0.0006953565 0.0001690885 -0.0001178639 -3.6070831314 -10.9484148925 1.2736526389 0.0000001000
-0.0012786745 0.0021887590 0.0012146090 -0.2509112320 3.3562594435 -4.9764779596 0.0000001000
-0.0003503877 0.0002860191 -0.0007233716 -6.2916907166 7.0011293998 7.6029860356 0.0000001000
-0.0005701019 0.0003674845 -0.0012009916 8.3338086904 -4.8728178628 -2.0710677425 0.0000001000
0.0027069830 -0.0031586855 -0.0009865963 -1.7953999630 -4.4529213475 -2.1238461425 0.0000001000
-0.0004429148 -0.0000450117 -0.0007134594 4.2466675417 -2.9467739734 2.3410313588 0.0000001000
-0.0031870551 0.0018003213 0.0058037773 -4.5022325364 2.3369873106 1.7768491201 0.0000001000
-0.0054573090 0.0086685848 0.0055800456 4.0423223008 0.4939768869 -0.0910104235 0.0000001000
-0.0001808113 -0.0005008349 0.0014627478 0.2452048771 1.6458137594 7.2998930960 0.0000001000
-0.0066466982 -0.0058189128 0.0033825622 4.0976278764 -0.4167326787 -2.6851124788 0.0000001000
0.0003337262 -0.0002185820 -0.0005142525 4.2472776430 -10.3236403936 7.9580971984 0.0000001000
-0.0002662914 -0.0008469043 -0.0001824626 -7.9957672118 -4.8603269035 13.0078188966 0.0000001000
-0.0023321078 0.0044855728 -0.0030673105 -3.2793080376 -0.2535744297 -2.5346184723 0.0000001000
0.0018520299 0.0015412567 0.0029330048 5.1662044938 1.3094697857 2.1173417050 0.0000001000
-0.0000783518 -0.0025161406 -0.0027183776 -2.8592326950 0.1473074780 5.7759006470 0.0000001000
-0.0006141497 0.0025017874 -0.0044512686 5.7714634884 -2.9232555500 2.0123217734 0.0000001000
-0.0002242701 0.0005368379 0.0004551100 -2.4932658042 -7.1666495349 -9.1681237029 0.0000001000
-0.0009828279 -0.0008849328 -0.0009141366 3.2184522425 3.5305952323 -9.0561515566 0.0000001000
0.0010201487 0.0005555660 0.0007279048 14.9335395561 2.8349539657 -1.6847340163 0.0000001000
-0.0007531413 0.0006334101 -0.0000200950 -11.5774399870 0.2817927731 3.9180505288 0.0000001000
0.0004115852 -0.0000194473 0.0005544402 3.7964404073 2.2520041512 -6.1480330159 0.0000001000
-0.0022781011 0.0030922925 0.0052202068 1.7051076849 2.0818085931 2.8089430491 0.0000001000
-0.0016379562 0.0011252773 -0.0021714894 0.3407327832 0.4693671918 -7.5208695269 0.0000001000
0.0001999563 -0.0010531033 0.0003540353 -8.3494552347 0.8707551536 -0.1539662459 0.0000001000
0.0002043730 -0.0028996142 -0.0033125978 -1.6955974802 2.1260498303 -3.4909019054 0.0000001000
0.0003355763 0.0006109728 0.0002446185 -0.3266564889 1.7833842432 -0.6608540202 0.0000001000
0.0041091271 -0.0050300242 -0.0008660198 7.2883037508 -2.0149684680 1.3391459513 0.0000001000
0.0008909171 0.0001768841 0.0003232612 0.7305458400 6.8616420996 -4.5422600523 0.0000001000
-0.0007870574 -0.0013272293 0.0004867761 -1.4692866602 -2.4816731067 9.5903226671 0.0000001000
-0.0007703389 0.0003111335 -0.0012038720 -3.5276299493 -1.6563004871 8.4681843942 0.0000001000
0.0006839353 -0.0026566958 -0.0001332799 6.7764696695 -0.3815496144 -0.2376892342 0.0000001000
-0.0001456767 0.0003703684 0.0005585536 6.1890406649 -3.0181130151 -10.5239459700 0.0000001000
-0.0010286769 0.0007946528 -0.0013504402 -3.9515590380 1.5491363049 0.5864594439 0.0000001000
0.0028241353 0.0011962692 0.0019513663 2.7276234626 4.2197279355 6.4970047447 0.0000001000
0.0001719326 -0.0001811324 0.0002953705 -15.4802403052 7.7681374282 -12.8325791730 0.0000001000
-0.0111214574 -0.0033783768 -0.0034760942 -1.9303964693 -1.0943687381 2.9948888121 0.0000001000
0.0008728797 0.0013889097 0.0003121752 -2.8993896576 -4.6385719875 -3.3951095619 0.0000001000
-0.0007180273 -0.0007593492 0.0006455330 7.2857551727 3.5746150950 -2.7098061079 0.0000001000
0.0021410484 0.0066020499 0.0032647867 -2.1049514407 0.0638502164 2.6337921589 0.0000001000
-0.0006183861 0.0004016154 -0.0008512815 -0.4056764630 6.8228689529 -4.3040587043 0.0000001000
0.0040096480 -0.0010527949 -0.0032320938 5.0982478266 0.8548575807 -1.4448918930 0.0000001000
0.0003641025 -0.0026732163 -0.0025527571 -1.5639950812 -8.6663903301 6.4741268502 0.0000001000
-0.0019526789 0.0016642979 -0.0001922745 -12.1406979197 -4.3645096562 1.3177813194 0.0000001000
0.0027636135 0.0053706182 -0.0016572171 -0.6574766739 0.1149940298 -3.8307856783 0.0000001000
0.0000692990 0.0004302857 0.0001942285 15.6282082965 -11.3172537203 -2.6774325778 0.0000001000
0.0013956233 0.0030018109 0.0008183128 5.8070667387 -0.2177482578 0.5395757669 0.0000001000
-0.0004793433 -0.0015528248 -0.0020640228 -8.8990931598 -3.4989762061 -5.0070161576 0.0000001000
0.0005904288 -0.0003539092 0.0020842881 -5.8611372847 5.0364164110 6.1579012619 0.0000001000
0.0002671655 0.0048122068 0.0046645248 -2.9039066245 -0.5501724728 -5.3629404879 0.0000001000
0.0000620630 0.0000738314 0.0004196946 -9.2709957737 2.6339721465 3.7587370007 0.0000001000
0.0009219618 -0.0005338657 0.0007516714 -1.3275194740 -0.6598264405 6.4786864932 0.0000001000
-0.0005374069 -0.0003729702 -0.0009257929 6.3146698219 -4.4354006629 0.8559587799 0.0000001000
-0.0011950810 -0.0012650518 -0.0001928463 0.8544034859 1.0322657940 -15.3638723872 0.0000001000
-0.0008142740 -0.0019747034 0.0032445706 -1.8055844766 -1.0276329182 -4.2378169478 0.0000001000
-0.0023383631 -0.0051964474 0.0039836370 6.0774746511 -1.9814794274 0.0836106895 0.0000001000
0.0013934805 0.0000792102 0.0000417094 2.6812707233 -11.2511109827 -0.4601622956 0.0000001000
-0.0009196670 0.0018729075 -0.0012511520 3.9220892908 -1.1576893062 6.5766312100 0.0000001000
-0.0000240085 0.0012665353 -0.0005377966 2.3907540953 7.6449134780 -10.6025233241 0.0000001000
0.0025771387 -0.0003591213 -0.0007677414 0.8212037663 -1.1123556371 0.4496425615 0.0000001000
-0.0014481109 0.0004138117 0.0005293038 1.8253502359 9.0043566419 -4.5657457273 0.0000001000
0.0006201780 0.0001700569 0.0015891466 2.9742468381 9.6461585356 -0.9385930753 0.0000001000
-0.0007056591 -0.0009647428 0.0005420405 5.6971531040 3.2322900145 1.8396901940 0.0000001000
0.0049548180 0.0084741668 -0.0026615685 -4.3169761673 -1.3950679457 -2.0266025522 0.0000001000
0.0012023183 -0.0048991237 0.0015200321 2.1761842433 -2.8972639730 5.1291345249 0.0000001000
-0.0015346794 -0.0002938825 0.0027938097 2.9553948125 -0.8994520887 -2.6654934430 0.0000001000
0.0035250288 -0.0051330993 0.0055577577 -0.7880905594 -2.1556121499 -1.0269159331 0.0000001000
0.0003641275 -0.0002693003 0.0004032054 1.8694550641 0.2240974624 -2.6990279962 0.0000001000
-0.0024643056 0.0008232506 0.0007008968 -3.3253926005 5.3922949708 -2.8170756266 0.0000001000
0.0000566730 -0.0000467049 0.0000270668 -6.5261877494 -1.6624631286 1.9438702693 0.0000001000
-0.0004239390 0.0009353076 0.0012160005 -7.7915953830 1.3779105885 -5.5562605854 0.0000001000
-0.0004546851 0.0013098894 -0.0005137366 5.9384852822 5.7568282784 -3.5645083268 0.0000001000
0.0021836318 0.0019473245 -0.0018816653 -4.2816479267 -2.5537444762 -2.8948478070 0.0000001000
-0.0024030573 0.0012162372 0.0011802080 7.4688434390 -1.6720473397 -4.6814025911 0.0000001000
0.0004983409 -0.0011226091 -0.0024525447 3.5898289471 -7.5540622842 0.2830365700 0.0000001000
0.0003692233 -0.0005144733 -0.0005885763 8.9429076355 -8.8638493689 1.8105386484 0.0000001000
-0.0006563354 -0.0014760320 -0.0004029203 -8.6829302370 6.0591095977 8.4815502790 0.0000001000
0.0069882417 -0.0025288583 -0.0045214534 0.0932512434 -3.5749781645 1.7465450607 0.0000001000
-0.0002978729 -0.0002596037 0.0003731810 3.3948351969 -8.1945439250 1.2521715823 0.0000001000
-0.0006145308 0.0001960167 0.0011054433 -3.9007090582 -8.2049859137 12.3923457343 0.0000001000
-0.0009475778 0.0006745855 0.0014306120 11.9351670298 -1.7914876823 11.4688809009 0.0000001000
-0.0007381438 -0.0019846077 0.0008756091 -3.1105392294 -3.8644982852 5.1390827081 0.0000001000
0.0017591593 0.0004735599 -0.0019028888 5.7337478334 3.8465615404 -3.7478481373 0.0000001000
-0.0008754524 0.0038823827 -0.0049889445 1.1152478161 4.2648621484 1.4950769759 0.0000001000
-0.0004318205 -0.0002161402 0.0009327312 4.0275067165 3.4433864668 -3.3626219280 0.0000001000
-0.0011071534 -0.0022004813 -0.0012269206 -0.1033433135 5.9059229973 7.8100834366 0.0000001000
0.0011279687 0.0004972160 0.0001462253 -2.7299353235 4.0176994548 -4.1142444972 0.0000001000
0.0051468283 -0.0007349108 0.0031707813 -3.9185208689 -5.7810137906 1.0450682505 0.0000001000
-0.0012640207 -0.0003985729 -0.0029111597 5.2377651677 -0.2231365400 4.3834033266 0.0000001000
-0.0021008776 0.0042527752 -0.0014868989 2.9649434386 -0.1084177778 3.9318805650 0.0000001000
0.0023265852 0.0028744543 -0.0000307324 -8.2528528181 -2.6589545809 3.1200964939 0.0000001000
0.0000988202 -0.0000354740 0.0004776665 -1.8002678800 8.5278697541 -9.1676813408 0.0000001000
-0.0002546880 -0.0002473131 0.0000189581 -5.6450687393 -7.8661533148 -6.8513051896 0.0000001000
-0.0011055129 0.0001506339 0.0003688068 3.0061500280 6.1871759365 1.7766268432 0.0000001000
0.0023571532 -0.0016445701 -0.0001701194 2.7735837362 8.2874404794 -8.4675539218 0.0000001000
0.0016317480 -0.0001733008 -0.0003824699 -6.3051245480 8.0471601198 0.2081793895 0.0000001000
-0.0004800897 -0.0011157493 0.0002934142 -4.4653586716 -1.7990545108 4.0440721517 0.0000001000
0.0001692722 0.0009823252 -0.0006421207 0.7456829782 7.6193673574 10.3324062800 0.0000001000
-0.0003004874 -0.0014742187 -0.0000898478 13.2232122306 -6.0809290981 2.7652197276 0.0000001000
-0.0001956250 0.0003394296 0.0002734476 2.3111850043 -6.7396279085 1.9988637030 0.0000001000
0.0025971896 0.0020664690 -0.0015014818 7.6282022218 2.0037432238 -3.4725970627 0.0000001000
0.0016387630 0.0008060988 0.0001075445 -4.1665361829 4.4075475809 -1.7498738000 0.0000001000
-0.0017989036 0.0074842229 -0.0011791273 2.3846097620 2.5000574998 4.0052353131 0.0000001000
-0.0052187637 -0.0001068196 0.0007604164 -1.3967486896 6.2784660112 -1.4576105444 0.0000001000
-0.0004674888 -0.0008906564 -0.0002193759 4.1840594461 -10.0670154576 15.7896992105 0.0000001000
-0.0000566368 -0.0000005970 0.0007891992 -3.3656817173 1.4074499584 5.8042528207 0.0000001000
0.0012803513 -0.0002792779 0.0002152424 7.7811566176 5.8095260966 3.3132471761 0.0000001000
-0.0003477612 -0.0020883964 0.0033282991 0.3680996666 -5.9504044328 -6.4328352953 0.0000001000
-0.0000359599 0.0001223076 0.0000733366 4.8635589445 2.0121350814 -3.2961629228 0.0000001000
0.0000591266 -0.0009006697 0.0001271759 2.1584773824 -3.0480258980 1.1833731250 0.0000001000
0.0033905797 -0.0045276029 -0.0091822959 -0.2474749644 3.3804635218 1.9144831669 0.0000001000
0.0000736162 -0.0004157452 0.0000042319 -6.4345214542 -0.0950486698 -14.3082773114 0.0000001000
-0.0003538311 -0.0007752288 -0.0002879505 2.6512099566 1.7751208007 -5.2288867247 0.0000001000
-0.0013820681 -0.0015198764 0.0006604380 -0.2720014989 -2.1999910853 7.4864386457 0.0000001000
-0.0015185714 0.0002296317 0.0017058000 1.6461773447 3.6819675164 -0.4756707549 0.0000001000
0.0011766414 0.0006675218 0.0012580245 3.4982906803 -12.6632812321 3.3325361487 0.0000001000
-0.0004785356 -0.0000363239 0.0007704392 -4.6946988532 -0.9868006153 1.6002943008 0.0000001000
0.0061623100 -0.0024993957 -0.0112841397 0.4659438172 -2.1019271074 -2.0782253441 0.0000001000
-0.0002836921 -0.0000370937 0.0021597083 7.5508387526 -0.4560304454 0.1762502844 0.0000001000
-0.0004759047 0.0008723988 0.0026050544 1.1325417112 -3.9306571392 -6.9180108398 0.0000001000
-0.0004440359 -0.0005409844 0.0003333765 8.5325295765 7.7725535711 -0.9030600924 0.0000001000
0.0006086641 -0.0020333207 0.0019118594 -2.6036299236 -0.5657111019 2.4576509500 0.0000001000
0.0010348966 0.0031953337 0.0018303822 -4.1560851690 -2.5217783680 -8.3902110816 0.0000001000
-0.0036042913 -0.0015508427 -0.0064945910 -2.8547381621 -2.7356728797 0.6251425968 0.0000001000
0.0000183483 0.0002321252 -0.0007824875 1.8121474487 4.1976326519 -1.6085478155 0.0000001000
0.0029138382 -0.0038065427 0.0012917279 0.7436552812 6.8157587978 -3.8861836974 0.0000001000
-0.0019162025 -0.0040113747 0.0059989286 -0.0771547300 1.1586448135 5.4245347994 0.0000001000
-0.0008304082 0.0006396541 -0.0004113814 -2.7544264021 1.9236021951 3.5533070637 0.0000001000
0.0011812803 -0.0010453728 -0.0001519474 1.1055480829 -4.5945713355 -10.1195938857 0.0000001000
0.0000229936 0.0011216802 0.0003492044 12.1120034343 -0.3147334704 3.2163780014 0.0000001000
0.0027771116 0.0007156467 0.0007757126 -3.2481089396 -3.6087444067 11.5389738249 0.0000001000
-0.0001901566 -0.0015455478 -0.0003321961 6.3276933950 -3.7708108684 -2.1204289566 0.0000001000
0.0004832186 0.0010303097 0.0002940144 2.1466448734 -1.2579082360 8.5308102823 0.0000001000
-0.0015221179 -0.0013332022 0.0005480734 6.4481034273 6.5496173395 1.3126334933 0.0000001000
-0.0004919745 0.0003189624 -0.0007809338 -5.6071305495 -5.3020830167 -2.3573938567 0.0000001000
-0.0026295945 -0.0030176208 -0.0015595151 -2.8642410178 6.3045384279 0.9881832708 0.0000001000
0.0013021731 -0.0037859402 0.0003524775 0.2366549501 2.0647399404 -1.8729374890 0.0000001000
-0.0006935436 -0.0017037089 -0.0000561282 2.7318369261 8.7930591863 2.9096187813 0.0000001000
-0.0002637413 -0.0009474496 0.0031552629 -1.1841447767 4.4575495818 -3.0954985315 0.0000001000
-0.0001300295 -0.0001301417 0.0002004520 -1.7973883361 3.3536275760 2.0410310859 0.0000001000
-0.0006282976 -0.0011964426 0.0037108557 -3.6527201751 0.3527419276 1.4831142467 0.0000001000
-0.0001270460 0.0000212729 -0.0012748243 -4.7376390482 2.8328785642 5.7378420357 0.0000001000
-0.0067092105 -0.0019018158 -0.0051765823 2.2382200144 3.7737285758 -1.8625399815 0.0000001000
-0.0000888015 -0.0003735910 -0.0003797515 3.2807677938 -2.4434289638 3.3691221108 0.0000001000
0.0000227607 0.0004851850 -0.0000893125 -13.0354864470 6.5434790659 -1.3899487424 0.0000001000
-0.0003931578 -0.0000784283 0.0001507210 -5.7660861653 -4.7983171764 4.4815146221 0.0000001000
0.0001666396 -0.0023292796 0.0009629136 5.6281676968 -4.8203002901 0.2152311389 0.0000001000
0.0037576693 -0.0040266244 0.0032207545 3.1308885301 -1.2972221190 0.3428121816 0.0000001000
0.0001770741 -0.0000860629 0.0003514245 -1.0456535970 12.6923734695 7.6027645322 0.0000001000
-0.0039793820 0.0033780508 -0.0086044714 -4.0940678350 -1.1205274096 -3.7658791307 0.0000001000
-0.0046952303 -0.0015061057 0.0004782422 3.5901604285 0.7813577852 0.5120673173 0.0000001000
0.0004527027 0.0013951419 -0.0001033172 -8.4996591466 -3.4548156797 -8.8878644344 0.0000001000
0.0002940986 0.0001089393 -0.0001231058 4.0298411402 -13.9348163091 4.8898110909 0.0000001000
-0.0002988094 -0.0004157341 0.0007681764 11.8050113649 0.8572994039 6.0227840762 0.0000001000
0.0010915390 -0.0029700005 -0.0007528330 7.8650670716 1.0958578906 -3.1325690161 0.0000001000
-0.0009254114 0.0005154835 0.0016563088 -3.7895963657 -2.7401659944 6.9384438167 0.0000001000
0.0022228064 -0.0006984333 -0.0007837428 1.2596107692 5.4787680563 0.0539407125 0.0000001000
0.0023374028 0.0038201769 0.0014148543 -3.8870553995 2.2387451502 4.7426303520 0.0000001000
-0.0001573540 0.0061252317 -0.0000204497 -3.6482193245 2.6484344601 -2.7842201527 0.0000001000
-0.0005239782 0.0019023578 -0.0036533363 -4.1478096071 5.7515632542 2.8297415453 0.0000001000
-0.0019844966 0.0008234837 0.0016624037 1.9779175809 1.4262397104 9.4283249255 0.0000001000
0.0065940219 0.0040811583 -0.0011529525 0.7408831368 -0.5032626228 6.0370238549 0.0000001000
0.0006095222 -0.0004409817 0.0008401074 -4.7288245548 0.9087183560 7.6781133265 0.0000001000
-0.0004172988 0.0017201288 -0.0003539238 -14.5408844744 0.6860928983 -0.5407018498 0.0000001000
0.0004356189 -0.0004466009 -0.0001880916 -11.5586348923 9.3465335807 -2.0187577486 0.0000001000
-0.0001632612 0.0003568385 -0.0002584618 5.3401899771 2.5866096200 0.1808417734 0.0000001000
0.0012516239 -0.0000877281 -0.0003257900 -13.3395654505 -3.1531796599 -0.3204069479 0.0000001000
-0.0020583565 -0.0006178298 0.0011923599 1.3602975893 1.7127374317 -4.8119406652 0.0000001000
-0.0043119674 0.0062287456 0.0002377869 -1.1448998717 3.6609760106 1.0366166978 0.0000001000
-0.0011593408 0.0006607631 -0.0020018154 4.2824986131 6.5151913577 -7.5595101326 0.0000001000
0.0021489997 0.0007962728 -0.0003465106 4.6941011293 5.0967787874 -3.6449905068 0.0000001000
-0.0015680466 -0.0001023655 0.0006909212 11.4656337749 -4.8058060017 -5.3038088864 0.0000001000
0.0001972424 0.0015437148 0.0004728654 0.7664841819 -6.6190367283 5.6161090430 0.0000001000
0.0008774609 -0.0008938353 -0.0000205854 14.1253237780 -3.6597429150 7.3721021637 0.0000001000
-0.0003338179 -0.0006513008 0.0009818830 4.7763880847 -4.5398865624 -4.9618071647 0.0000001000
0.0028077513 0.0040158741 -0.0027801038 -4.6337989637 -1.5503198910 3.7600165115 0.0000001000
0.0003996214 0.0000681344 -0.0007030911 -6.0285529626 2.2020944648 -3.9473190148 0.0000001000
0.0010998576 0.0004304313 -0.0006554980 1.1394138598 4.7625131806 1.9762492144 0.0000001000
-0.0046748317 0.0027465884 0.0018626712 -2.4004521524 2.0115173732 -5.5867375412 0.0000001000
0.0003111106 -0.0003968424 0.0000823637 8.5510184036 -2.9227440809 -7.8764405864 0.0000001000
-0.0008517713 -0.0003139876 0.0001873182 2.3459477538 -1.3701355365 -0.2558892560 0.0000001000
-0.0003077513 0.0001236344 0.0005514721 -3.9637062674 1.2915405189 -4.9690456061 0.0000001000
0.0005959677 0.0011175395 0.0002820465 8.2067917206 5.3728089917 9.8516396582 0.0000001000
-0.0020791310 -0.0006033496 -0.0007734167 4.9189588975 3.0541208508 0.1583345554 0.0000001000
-0.0003997385 -0.0002355586 -0.0008193683 6.3787739034 -0.2107705148 2.0419963919 0.0000001000
-0.0003781914 -0.0023040589 0.0013585972 9.6094790987 -2.9792243463 0.2300064968 0.0000001000
-0.0000726155 -0.0010318568 0.0004197512 -16.6560891489 5.9397855509 5.3076405853 0.0000001000
0.0002155384 0.0006302424 -0.0003479597 -1.0172000836 -1.9001421773 6.6720161316 0.0000001000
-0.0000489417 0.0012461649 -0.0004056013 9.1108025498 -12.1844008702 3.0431889245 0.0000001000
-0.0000283224 0.0019587057 0.0024486465 5.8546181491 4.0060147007 3.9390702705 0.0000001000
0.0008129323 -0.0002159685 -0.0003276622 6.2732633896 7.5560756699 -2.4808444675 0.0000001000
-0.0005110098 0.0006596231 -0.0001805159 -1.6996671856 -1.7890694534 -5.7992122653 0.0000001000
-0.0000116734 0.0006717368 0.0000284603 5.5362753857 13.7074886107 -4.6381020342 0.0000001000
-0.0016028489 -0.0003240865 -0.0007147479 -2.5175498196 -3.2847997224 -3.5798120437 0.0000001000
0.0000307560 -0.0012164295 0.0018093577 -7.1466132785 -0.6527846188 0.7330737892 0.0000001000
-0.0001113589 -0.0001156856 0.0001003999 -5.9123304787 1.9785180124 -3.7810162688 0.0000001000
-0.0001672200 -0.0002511134 -0.0001335863 7.5987755376 5.7943395779 -5.7121676289 0.0000001000
-0.0000193660 -0.0010813155 -0.0005813654 -6.4245866799 6.1995295844 -4.1250271215 0.0000001000
-0.0047816144 -0.0012487517 -0.0000188498 6.7359270745 4.0952313079 5.0867229469 0.0000001000
0.0005238797 0.0014829144 -0.0034195458 0.4363099410 -1.0025802164 -7.9283605641 0.0000001000
-0.0025649961 0.0033893868 0.0003144268 1.6092846559 -4.3388712212 -0.6724518748 0.0000001000
0.0006722499 -0.0001884801 -0.0002190698 -0.0635031343 -1.3327511051 -8.5336214927 0.0000001000
-0.0007844149 0.0010951589 0.0003716020 1.9910860724 -0.0610333330 8.0221308835 0.0000001000
-0.0001318496 0.0003198773 -0.0001515754 -0.2565818731 -6.3118722782 -3.5340785597 0.0000001000
-0.0009186066 0.0016469096 -0.0005584595 7.5409552928 7.1663029685 -1.0382176334 0.0000001000
0.0002421055 -0.0024280926 -0.0008174654 -0.7009613443 -5.2410886208 7.0516044484 0.0000001000
-0.0010337924 -0.0003233623 -0.0005637732 7.7368763144 0.9339391838 -8.0552060558 0.0000001000
-0.0001339157 -0.0004445508 -0.0000712969 -3.7889982550 4.0816641619 -6.7464011670 0.0000001000
0.0002650405 -0.0009176995 0.0003301082 -9.2783817121 6.3583160428 1.6865570999 0.0000001000
-0.0005759075 -0.0006409851 0.0014952886 2.2320176622 3.7241149149 1.8683616007 0.0000001000
0.0037730242 0.0015801432 0.0034904531 4.0008553998 -6.3937117143 -1.9500984078 0.0000001000
0.0010588284 -0.0003062879 0.0004160438 2.2078596122 -7.7072611331 -1.1782928588 0.0000001000
-0.0030083025 -0.0024169555 -0.0004851720 -1.6608535547 4.7446813856 -0.2239565409 0.0000001000
0.0044958005 -0.0028174824 -0.0012107781 3.4161955741 -3.8999433373 -3.6054356517 0.0000001000
-0.0001468416 -0.0004262659 0.0000733773 4.2621179821 -0.6519055676 2.4786727546 0.0000001000
-0.0003648158 0.0002836210 -0.0000387455 -2.8989163520 10.3624645969 2.4655550619 0.0000001000
0.0044324912 -0.0009642121 -0.0015384068 -0.4912623746 6.0982652825 4.6503379681 0.0000001000
-0.0020620511 0.0032144201 -0.0022888953 -4.5472382052 3.5848513099 5.8060791276 0.0000001000
0.0009508174 0.0003785482 0.0005300696 3.6503807230 1.6582424451 0.6578468347 0.0000001000
-0.0002030780 -0.0001515258 0.0002823638 7.0492279931 3.3720545163 10.3031050455 0.0000001000
0.0012190046 -0.0000580841 -0.0000886399 -10.5827419642 6.5492235844 -13.3019316666 0.0000001000
0.0034181810 -0.0012733422 -0.0008745178 0.8411196012 3.5117989048 4.6091897844 0.0000001000
-0.0027746220 0.0020303982 -0.0015936365 5.4555491394 -0.7197179610 4.6280789421 0.0000001000
0.0023580368 0.0036883145 0.0036421188 3.4832133661 -3.2748273003 -4.9134710806 0.0000001000
-0.0002156103 -0.0016836561 0.0001284439 0.4500006028 0.9340764952 -2.6621719238 0.0000001000
0.0055993660 -0.0011686838 0.0039722774 5.4492516361 1.0583073961 0.7775013316 0.0000001000
-0.0073805479 0.0061468360 -0.0019827968 4.4457388622 -1.0464025569 1.8944434293 0.0000001000
-0.0002837311 0.0000032661 0.0000100672 -0.5190972774 7.7894794972 -0.6708052977 0.0000001000
0.0030392584 -0.0021198956 0.0023818450 4.5409582365 3.6326435633 0.8134838968 0.0000001000
0.0016250955 0.0000115901 0.0006158973 -11.6376154135 -3.4734960983 -11.5917548036 0.0000001000
-0.0002503860 -0.0001910508 0.0004865615 -0.4315953229 2.4266173994 4.2235043230 0.0000001000
-0.0003834777 0.0003538839 -0.0000346516 2.5016411587 5.0314688148 -2.7643061229 0.0000001000
0.0016666201 -0.0004633571 -0.0007877082 -8.0047105071 4.9161222877 2.3994791105 0.0000001000
0.0004293740 -0.0001321935 -0.0043047023 -5.7228392436 -2.5767605847 0.5099051453 0.0000001000
-0.0005149172 0.0005192056 0.0002354654 -3.9902329078 -7.1778947634 -5.7686729069 0.0000001000
-0.0002499459 0.0007921954 0.0004541906 0.9054331954 -1.2358261033 -6.6098546528 0.0000001000
-0.0045425135 -0.0030340355 0.0043590018 -3.1775537980 -0.2168082222 1.6797638571 0.0000001000
0.0007372848 -0.0000248563 0.0002754080 0.4317316029 5.5482025300 4.8704385711 0.0000001000
-0.0019869070 0.0035763206 0.0040458101 5.2493198305 -2.2631591280 -3.3788557528 0.0000001000
0.0016685977 -0.0016535640 -0.0015913436 0.3799127070 -5.0282022202 -4.2305395692 0.0000001000
0.0007430935 0.0005266616 0.0070135025 4.1034532346 3.6403011592 0.0629362249 0.0000001000
0.0006745067 0.0003297045 0.0008019617 2.2283047087 7.4123408685 4.1148246865 0.0000001000
-0.0002733587 0.0008383396 -0.0001572247 1.2823730126 -1.9000443187 -2.8232467776 0.0000001000
-0.0014341439 0.0006158758 -0.0012021750 0.4137472826 8.2223048214 0.3179205146 0.0000001000
0.0004504671 -0.0006133893 -0.0000111713 0.8313196886 -4.6877288461 1.2395790254 0.0000001000
0.0007003210 -0.0011556153 -0.0011141644 1.7754386155 -2.9579809094 2.4390121762 0.0000001000
0.0096207611 0.0090768579 0.0029125529 1.2880546128 2.3264062054 -1.8168210667 0.0000001000
-0.0009612786 -0.0002212743 -0.0003967482 -3.3956465593 4.4808245837 -12.7795461343 0.0000001000
0.0030832781 -0.0003447928 0.0018402593 -5.9194974923 -2.5731190590 -3.9594374926 0.0000001000
0.0055858754 -0.0011131435 0.0024754391 0.5452590432 6.4134467880 -3.6044659621 0.0000001000
0.0000683999 0.0006127836 -0.0005596107 1.0870475231 -6.0442817649 -0.9739731462 0.0000001000
-0.0011055076 -0.0011091330 0.0003348804 2.8732147408 3.0477952405 -5.8184652661 0.0000001000
0.0048102141 -0.0035178489 0.0025228142 1.6306148633 -1.7568814550 1.7929162372 0.0000001000
0.0005045219 0.0012591360 0.0027084506 -5.2093530411 -1.5103314413 -1.6184756276 0.0000001000
-0.0025504305 -0.0028337398 0.0005022090 3.7458206982 -4.0046724006 -6.0358496808 0.0000001000
0.0003408728 0.0015904885 -0.0018152293 -5.1582143849 -1.9472755935 -2.5717052022 0.0000001000
0.0003283349 -0.0072106205 0.0038302620 2.6889191651 1.1235260856 4.0518446251 0.0000001000
-0.0001585838 -0.0003350568 -0.0003118405 -7.0885078384 -4.6712817694 -5.3989135122 0.0000001000
0.0007599737 -0.0005355193 0.0009063946 -3.6475540408 11.7874917117 8.6227829174 0.0000001000
0.0013549064 -0.0026441628 0.0012655378 -2.9651285834 -1.7502442186 3.5036618147 0.0000001000
0.0005273531 -0.0015564830 0.0004736581 7.1922596052 -14.0121956368 5.3410632265 0.0000001000
0.0035654289 -0.0027741837 0.0006037032 -4.9863113943 -1.4816323144 5.8140974723 0.0000001000
-0.0024057397 0.0019826959 0.0015451218 4.5735625529 1.6735907721 -6.4107263449 0.0000001000
0.0006156787 0.0031976851 0.0011519179 3.7150496509 -8.0155726818 0.1836818644 0.0000001000
0.0012640763 -0.0028555829 0.0008115456 -2.6076260094 3.9067327122 -6.0570089257 0.0000001000
-0.0000946545 0.0032508550 -0.0015439247 -2.8994907394 1.8640219139 -10.2560756766 0.0000001000
0.0005626359 0.0005029137 -0.0007644203 -11.9846860554 -4.6754574561 -1.8668291274 0.0000001000
-0.0011191836 -0.0007511002 0.0006677593 -4.7403768969 11.5562517326 3.8796924109 0.0000001000
0.0002691680 0.0002430897 -0.0001446971 3.7662442631 3.1572999062 -1.2936750997 0.0000001000
0.0005104150 -0.0008788115 -0.0014281658 13.2699343571 -3.4062450702 5.0273698420 0.0000001000
-0.0004678920 0.0007871187 -0.0044039192 -4.4738799759 4.7476862503 1.6973936173 0.0000001000
0.0041927011 -0.0000408289 0.0067073676 0.6031184830 -4.3666268314 -0.7549064405 0.0000001000
-0.0008267066 -0.0005198941 0.0034580243 1.4101007788 -3.2849704270 -0.4774390429 0.0000001000
-0.0086590291 0.0031647551 -0.0018082374 -0.5743686862 -3.5720506584 -4.5455751249 0.0000001000
-0.0030572641 0.0005383577 -0.0023217219 -1.6546967150 0.6814405539 -2.1494255272 0.0000001000
-0.0009018488 -0.0011036147 -0.0001605073 -0.3686467207 11.4989579128 -9.9035870983 0.0000001000
-0.0048917800 0.0014824839 -0.0013300560 -2.8351036546 -3.4747557536 -2.7863312681 0.0000001000
0.0003780710 0.0001765783 0.0005993336 9.2872408155 3.9829105324 1.6102223707 0.0000001000
-0.0000097050 0.0039994098 -0.0008812187 -5.0053510144 -6.6661147042 -5.6415952106 0.0000001000
0.0011704603 -0.0008727155 0.0021316490 5.0945747128 2.9148923150 5.4434336270 0.0000001000
0.0007535563 -0.0009890471 -0.0008336493 -5.8695692399 -4.6997008583 2.7209301413 0.0000001000
0.0023533187 0.0010470945 0.0000151854 4.9166077127 3.2528533406 -1.8058285429 0.0000001000
0.0012485317 0.0009281815 -0.0024833432 -0.1820232966 6.0030740151 7.4041131399 0.0000001000
0.0032575020 0.0016461134 -0.0000047120 -4.0952497450 3.8041065126 -4.0937567246 0.0000001000
-0.0006398694 -0.0002729113 -0.0004491664 2.1924121373 -5.0117748700 -2.7943389115 0.0000001000
0.0030156469 -0.0022646315 -0.0012837025 -1.9752621191 0.0490633836 -2.0577370558 0.0000001000
0.0068258852 -0.0017578438 -0.0026681558 -2.0765216506 6.4474711499 -1.8605708191 0.0000001000
0.0013874333 -0.0013239449 -0.0009898976 -6.7759271281 1.8758802090 -6.2724468698 0.0000001000
-0.0001662489 -0.0007065001 0.0001118187 3.5178504079 3.3669921715 0.3471254376 0.0000001000
0.0037648440 -0.0008685876 -0.0003345621 -9.0222429747 1.6666745292 0.2217857305 0.0000001000
0.0010120076 -0.0010250685 -0.0002765387 3.3876188027 -0.0307457768 5.8766368478 0.0000001000
0.0003560828 -0.0025372725 -0.0020644608 -7.0701916498 -3.2953042426 -10.6894974353 0.0000001000
0.0045213693 0.0033051217 0.0053563438 1.2823223428 -3.2348944197 1.1331320861 0.0000001000
0.0000993977 0.0001867577 -0.0001741517 3.2606374178 0.4601844717 -7.2348859822 0.0000001000
0.0028756213 0.0017624416 0.0015501434 3.7156900509 -3.8144062905 2.8013655194 0.0000001000
-0.0012180198 0.0013181088 -0.0014376899 -3.7820861378 -11.0004035905 5.3322112142 0.0000001000
-0.0007291651 0.0011240076 -0.0007688315 -0.9502819552 8.2321225264 -1.7774131930 0.0000001000
-0.0035551341 0.0103094196 -0.0058774684 1.3605524858 -2.5418655521 -3.0340152295 0.0000001000
0.0008949394 -0.0018020395 0.0001270691 4.1404617033 -1.5226092777 5.4384445150 0.0000001000
0.0004732737 -0.0011470125 0.0007082205 6.2125033902 -3.6609842621 -4.7676798305 0.0000001000
-0.0002904314 -0.0008694449 0.0003324351 -5.1966799024 5.2265173606 -2.1502898803 0.0000001000
0.0002348473 0.0003735774 0.0001140915 9.5914736337 5.1532661440 -6.4293769804 0.0000001000
-0.0001502088 -0.0006542778 -0.0002109562 0.9589939484 -0.5851609803 5.9175047356 0.0000001000
-0.0007605538 -0.0004583261 -0.0013713959 -4.3408874434 -10.3815955002 -12.1933929014 0.0000001000
0.0003782202 -0.0015076573 0.0002147806 -3.9020137105 -1.3097442797 8.7967919952 0.0000001000
-0.0003460043 0.0000168399 -0.0002801346 -1.1788302430 9.6827964568 0.5012944918 0.0000001000
0.0012701527 0.0004601122 -0.0009751801 8.1043300369 6.5501758684 2.3728286964 0.0000001000
0.0014564199 0.0050396873 -0.0013572460 -2.5578740056 -4.1649897851 -2.9527704230 0.0000001000
-0.0003759154 -0.0002206625 -0.0000253053 10.0361176712 -5.0478454951 -7.4149936228 0.0000001000
0.0005439371 -0.0003089228 0.0004119881 3.2007141803 -2.3307456344 0.7361928867 0.0000001000
-0.0014864720 -0.0019895915 -0.0017732784 -3.2928550703 -3.3426607094 -4.9568969584 0.0000001000
0.0001324216 -0.0002182996 0.0002246743 6.7781773599 1.0395693455 -8.6162034421 0.0000001000
0.0042658994 0.0003543021 -0.0038580233 4.6306723882 3.9180964282 -6.4861812493 0.0000001000
0.0015551563 -0.0048917262 0.0015479591 -5.6592591375 1.1840825031 -1.3247103265 0.0000001000
-0.0027794201 -0.0064467849 0.0016531265 0.2190431113 -4.7374932273 4.7299306535 0.0000001000
0.0045875968 0.0043280873 -0.0014346359 4.6939501512 -0.1245524547 2.7052602605 0.0000001000
-0.0001811145 0.0015148683 0.0011127583 -5.3964177958 0.5437955480 1.1374089835 0.0000001000
-0.0006110212 0.0000625969 -0.0002900659 6.2857517703 -4.6915009789 -5.4854982519 0.0000001000
-0.0014159821 0.0006527928 -0.0000082538 -4.1564466914 6.4675692931 5.0977634330 0.0000001000
0.0035324068 -0.0016484973 0.0013882147 -6.3233537082 6.3301723504 2.4323428361 0.0000001000
-0.0044070361 0.0001999362 -0.0044899228 1.8878991522 5.4420499400 0.0447434232 0.0000001000
-0.0016645055 -0.0045837952 -0.0035264790 1.3699349200 1.8732255208 3.1424175356 0.0000001000
-0.0004966240 -0.0013723128 -0.0013062893 -4.8696342998 7.6651422283 10.3797111744 0.0000001000
0.0006260996 0.0047773589 0.0010553619 -1.5414787090 2.3793979862 0.0442503913 0.0000001000
0.0005579107 0.0001523276 0.0004703367 -0.5692880332 -7.0938375860 1.1109736262 0.0000001000
-0.0016374393 -0.0000334709 -0.0015319745 -8.5989809748 1.5005400381 2.0509607030 0.0000001000
0.0038469739 -0.0012403345 0.0005289655 -3.9651402374 -6.0241784644 -0.5037702239 0.0000001000
-0.0001039009 0.0002630553 -0.0001671556 6.2240920907 -4.8675549015 0.5444302751 0.0000001000
-0.0000361503 0.0003440863 0.0000652615 -4.6050129374 -1.5608593515 -7.3513798658 0.0000001000
0.0026544881 0.0023099704 -0.0023120758 -6.7775467587 3.0480253823 -0.8730320742 0.0000001000
-0.0013105533 -0.0026953753 -0.0029108483 6.1092445265 4.5444103627 1.9031511678 0.0000001000
0.0020361501 0.0061770201 -0.0005866862 -4.9485654405 0.4778138451 -0.1536961355 0.0000001000
0.0034502673 0.0021372276 -0.0027033652 0.1119085833 2.3026952881 4.4119356168 0.0000001000
0.0005052895 -0.0002062563 0.0003987636 -4.7460889247 -0.7214629125 -5.5083775646 0.0000001000
0.0010404864 -0.0019519390 0.0017216883 -2.1893924455 1.1585046655 8.1363872994 0.0000001000
0.0001166709 -0.0003892872 -0.0003826245 -2.1315279774 -3.5441052618 12.1540992605 0.0000001000
0.0022009091 -0.0006236309 -0.0009651282 0.1378416256 -0.6553816749 4.9502280051 0.0000001000
-0.0067418000 -0.0044285217 -0.0002024022 -3.9755646915 2.2577944401 2.6843694497 0.0000001000
-0.0004888595 -0.0007255361 -0.0004924357 -7.9030414910 -3.7393141978 -2.5692731777 0.0000001000
0.0005358641 0.0002471262 -0.0002031416 1.6477673211 3.1492315363 -4.9941629023 0.0000001000
0.0006801355 0.0037712932 0.0045235993 -4.7899121678 -3.8709814491 -5.9105052032 0.0000001000
0.0018697141 0.0011807297 0.0004392930 -6.1071946533 -7.5218233581 4.9210137990 0.0000001000
-0.0037696191 -0.0013921916 -0.0016605308 3.7884272198 0.3285538368 -5.3159409020 0.0000001000
0.0000277146 0.0018843881 0.0011494225 -7.3391186614 -8.1103092097 -2.3660415134 0.0000001000
-0.0004807001 0.0003771357 -0.0001618827 -1.5816738351 -1.0127803306 -6.3989071158 0.0000001000
-0.0008984115 0.0004032506 0.0000514928 5.6652718324 15.1552159532 -7.0548424203 0.0000001000
-0.0072992404 -0.0010889012 0.0027866663 -3.9507401975 -1.4230820625 2.9907132543 0.0000001000
0.0001827622 -0.0001996790 -0.0004761574 3.4103082002 10.0458274610 -0.2835368221 0.0000001000
-0.0001733727 0.0006823134 0.0009608265 -5.6516585291 3.5992191171 -5.6457166174 0.0000001000
-0.0039099245 0.0013274518 0.0001982959 -4.7450202161 -3.0083706058 -7.6935383674 0.0000001000
0.0014295835 -0.0005222583 -0.0017930508 -3.7645127205 -5.3986194207 2.0795859524 0.0000001000
0.0001198428 -0.0001315822 0.0003425719 4.3821000925 -0.1893379362 0.3763471216 0.0000001000
0.0004935237 -0.0007782453 0.0004006444 -1.7034924380 3.7819960151 9.5739940780 0.0000001000
0.0050682692 -0.0024721981 0.0027736818 -1.3535078277 -0.2552449881 0.6618529772 0.0000001000
0.0024158978 0.0025914256 -0.0075751697 -5.8144605419 1.1170001167 0.8028545714 0.0000001000
0.0008412135 -0.0011761042 0.0002199652 5.1471700308 -3.7502790015 8.4302551006 0.0000001000
0.0002361026 -0.0009297114 0.0013065240 6.9465295923 -6.3201354628 5.5179896248 0.0000001000
0.0036063316 0.0003818070 0.0024455544 7.4404885577 0.3236883695 -6.0377673997 0.0000001000
0.0000899786 -0.0003969053 0.0002117135 -4.9971118110 0.5314288781 -3.2755475086 0.0000001000
0.0019915876 -0.0023744278 0.0004287045 3.9822486009 -4.3191044305 4.4722644711 0.0000001000
-0.0012897462 0.0014149587 0.0000035347 1.3060246218 -12.3513080444 -0.2647415261 0.0000001000
0.0002348793 -0.0004006461 0.0003821002 1.8630171550 8.2934437622 -3.0434589059 0.0000001000
0.0008558373 -0.0015845041 0.0013370672 4.0278562483 -7.4325809647 -11.8294788491 0.0000001000
0.0002284398 -0.0000270984 0.0001544069 -10.9007447367 -4.4556056899 -0.0290032750 0.0000001000
0.0000078806 -0.0001456489 -0.0003145140 -8.5736144551 -8.7736562388 -3.6245006713 0.0000001000
0.0001616695 -0.0008360331 0.0016143357 1.7987033029 -7.3305518444 -3.7536297879 0.0000001000
-0.0013850373 0.0016895249 0.0042971822 -2.9974174058 0.4987793069 -6.4657030176 0.0000001000
-0.0022010773 -0.0004293645 0.0007947733 0.9507100060 -6.9086406541 5.4596764770 0.0000001000
0.0008966209 -0.0011837106 0.0000002836 -11.2654638339 -7.7768075188 1.4780936755 0.0000001000
-0.0033377382 0.0025309015 0.0020802977 4.2052243640 -8.4628004956 0.9217089228 0.0000001000
0.0003698104 0.0001853273 0.0002487162 4.6821561925 2.3195731230 -0.1445978652 0.0000001000
-0.0000914761 0.0003065592 -0.0005324074 -9.7472865575 0.5939641277 4.2636121629 0.0000001000
-0.0025389737 0.0036278892 -0.0084528042 1.4210152994 -2.6759104191 0.4483390696 0.0000001000
0.0008309326 -0.0014854390 -0.0027647796 -1.7896866458 1.8072154531 -3.2976845658 0.0000001000
-0.0021991794 -0.0007338661 0.0004460318 -2.3345939654 -3.5989187080 4.2973158735 0.0000001000
-0.0037413608 0.0010860725 0.0029663931 -4.7104352624 6.5143649103 -0.3307789271 0.0000001000
0.0076276232 -0.0024178388 0.0012422186 -3.3826504485 0.9565149931 0.9159644043 0.0000001000
-0.0001379454 0.0009770285 0.0011424522 10.8440134427 -0.2970554900 7.3071969054 0.0000001000
-0.0036708323 -0.0007110379 0.0024261716 5.6904797670 -9.3088355892 -1.2910402668 0.0000001000
-0.0001407638 -0.0005970826 -0.0000770237 2.3113288912 -0.6794091178 -1.7475474989 0.0000001000
0.0005777289 -0.0015809155 -0.0004704081 -0.4009987192 -0.0271269429 0.9591567882 0.0000001000
-0.0015195389 -0.0007111472 0.0006982376 -7.9182614028 8.7659011711 1.1101983644 0.0000001000
0.0026075673 0.0043996660 -0.0006039886 -2.4992960336 5.2908149674 -2.0530167648 0.0000001000
-0.0005730303 -0.0008424869 -0.0002842225 -3.2572600716 2.3234816647 4.3153868355 0.0000001000
0.0015473117 -0.0012239305 -0.0011780332 5.4518400538 4.9965677224 -3.4282843978 0.0000001000
0.0005045198 -0.0016737281 -0.0011476630 -3.6603767395 -0.7771915105 0.3354667275 0.0000001000
0.0005650675 -0.0003409787 0.0008892973 -9.5478036895 0.5733962890 -12.3846115534 0.0000001000
-0.0000730661 0.0000101914 0.0006708829 -7.4488805443 1.3211572473 4.0628252873 0.0000001000
0.0029330837 0.0024054755 -0.0086871267 -2.1740096939 0.9777261972 -1.7097726646 0.0000001000
0.0006577775 -0.0001327467 -0.0000809089 -3.7320486809 0.1558026094 -1.3064182480 0.0000001000
0.0001491714 0.0009445189 0.0042290566 -0.9034427594 -7.1278560171 -5.7273679432 0.0000001000
-0.0001435121 -0.0000109565 0.0001778687 -9.5050755860 -6.1453326861 -4.8113506772 0.0000001000
-0.0026798463 -0.0020151918 -0.0003896632 -0.1751610758 6.2201477062 -1.8457713511 0.0000001000
0.0019327283 -0.0010844100 0.0039331264 -6.0059352507 -1.6503374307 3.3632520136 0.0000001000
0.0017691038 -0.0000249359 0.0015712271 2.8988286790 -1.5298345682 1.6082875039 0.0000001000
-0.0009716583 -0.0005956520 -0.0000733225 -0.6893548513 7.8635494253 14.1146793677 0.0000001000
0.0028812783 0.0010196704 -0.0051755096 -3.1549674164 -1.8909490138 -1.2977499623 0.0000001000
-0.0003957632 -0.0005398536 0.0006736947 -3.1333772842 1.0303778581 -3.1111140035 0.0000001000
0.0015308174 0.0053815834 -0.0038729068 5.2976871160 2.8702053635 -0.6890409044 0.0000001000
0.0002278252 -0.0009841258 0.0005984268 0.3281643364 -0.4747276250 2.2146065688 0.0000001000
0.0006116260 0.0009422955 -0.0010963856 3.9726427294 5.5890873077 11.4008418469 0.0000001000
0.0055599232 0.0011553322 0.0022527059 0.9697701261 2.4171730784 -1.8959662328 0.0000001000
0.0001812063 0.0002915379 0.0005643657 -9.9880754207 8.5833814903 1.8986387135 0.0000001000
-0.0000427900 -0.0010522438 0.0004703924 -2.6042325468 7.2646998461 9.2933673564 0.0000001000
0.0024763020 -0.0007935926 0.0000457370 -3.1646439420 1.0732658360 -3.7440854165 0.0000001000
-0.0008794898 -0.0022711655 0.0001292981 5.9186673059 -9.3598798680 -0.4612154036 0.0000001000
-0.0029817032 -0.0012777489 -0.0003993333 0.1253019303 1.6720170410 1.1753416293 0.0000001000
0.0000932776 0.0017940693 0.0005555822 8.8718929841 -1.1622577165 3.3618670373 0.0000001000
-0.0006346543 -0.0027190842 0.0003847083 1.7967004895 -7.0330510269 -2.9160434105 0.0000001000
0.0009063344 -0.0015168309 -0.0003992037 4.5088655181 4.2211439841 -12.8209441862 0.0000001000
-0.0028331900 -0.0011688790 -0.0005246787 -7.4791717106 -9.7136372557 5.2707614343 0.0000001000
-0.0006529465 -0.0031392268 0.0024931078 -5.1233604813 5.5916775305 1.3023070268 0.0000001000
0.0013181566 0.0005045730 0.0007998824 -6.3905084248 -1.0102242745 -5.0238571183 0.0000001000
-0.0001591023 -0.0017005140 0.0004321541 -0.2175021286 -10.9176789145 -2.9566223640 0.0000001000
0.0001707615 -0.0002959367 -0.0000863415 1.9460513942 10.2785872782 1.1764274858 0.0000001000
0.0033183641 0.0073566594 -0.0028781708 1.7920592332 -0.2108482602 1.1142379000 0.0000001000
0.0027584444 -0.0041008046 0.0046674922 3.2424108362 0.8517825775 -5.7035946232 0.0000001000
-0.0004299776 0.0016325613 -0.0003589353 -0.4930680526 0.5683089316 -6.6257985119 0.0000001000
-0.0001155632 -0.0012040350 0.0022157156 -1.6858464325 -5.1789691735 -4.0210782193 0.0000001000
-0.0007258310 0.0007472123 0.0015899299 -3.9209054468 -3.5383411459 -2.0128739847 0.0000001000
0.0006405932 -0.0009640977 0.0008660117 0.2954688658 -3.6019283431 0.8538641677 0.0000001000
-0.0001098118 0.0000240039 -0.0000343407 -9.2477824009 -2.7274793178 4.6217729294 0.0000001000
0.0002840651 0.0000679888 -0.0006044994 -2.4286978292 -3.4667423083 10.2307750406 0.0000001000
-0.0001641000 -0.0004134285 0.0003045570 -14.3499379956 0.4014378580 3.2220933814 0.0000001000
0.0000489344 0.0003169307 -0.0008855231 2.9968263864 10.2409142994 -0.9190201968 0.0000001000
-0.0032118600 -0.0100042898 0.0025198731 2.7160541017 3.8758732183 0.7977691479 0.0000001000
-0.0021260959 -0.0005332807 -0.0006047146 0.7256551023 0.2455522171 -8.2950489526 0.0000001000
-0.0000737993 -0.0015439197 -0.0001002588 4.8982711531 8.7367070782 -1.6374721848 0.0000001000
-0.0028117213 -0.0029044623 0.0070433864 1.3721754820 -3.1694036859 3.6105916004 0.0000001000
0.0001989290 -0.0005226439 -0.0003715286 -0.7298881633 8.0760734011 18.8075820838 0.0000001000
0.0012640603 0.0004317996 -0.0002662826 1.4234814906 7.5868414310 0.3590208649 0.0000001000
0.0036847115 0.0002515838 -0.0059617387 4.0081380645 0.6872282642 -3.0124262577 0.0000001000
0.0015778805 -0.0013185436 -0.0010997083 -7.8983456969 9.6816872639 8.0169170448 0.0000001000
0.0012346582 0.0001196032 -0.0016453828 0.2613425195 -6.0108562872 4.0846400172 0.0000001000
-0.0004583239 0.0017051105 -0.0023903090 -3.8543964164 -3.9806029262 2.1393916049 0.0000001000
-0.0001586438 0.0003626506 0.0025075696 5.9405417309 8.1042252161 5.8514754572 0.0000001000
-0.0011612770 0.0001179683 0.0002200840 14.4769940315 -2.1098976187 -1.6371387694 0.0000001000
0.0005261458 0.0005468311 -0.0016782302 -9.3677879767 2.9830471490 4.9269758240 0.0000001000
0.0002054914 0.0043071682 -0.0024316225 -3.0728631561 -0.4333200322 2.2056024181 0.0000001000
0.0001109740 -0.0003159152 -0.0001567010 -0.2605294809 13.6912007638 -1.2726465907 0.0000001000
0.0017046577 -0.0014287690 -0.0012198301 -2.5230488536 -5.8816999662 -2.6937945600 0.0000001000
0.0000027733 0.0001530175 -0.0007378549 7.5158930501 -0.9944164376 1.3980468953 0.0000001000
-0.0015164288 -0.0014887587 0.0005248587 -6.2390429237 2.7527762148 11.0286981321 0.0000001000
-0.0009506298 -0.0006770981 0.0002573243 3.2079973607 -6.3400884298 6.0887632004 0.0000001000
0.0000434546 0.0015766760 0.0000388578 2.6104975595 6.3868110720 0.0403613181 0.0000001000
0.0035400994 -0.0022267515 0.0022578166 5.3056834135 -6.1276420705 -7.0366353073 0.0000001000
0.0048276049 0.0001064116 -0.0013506262 -2.5681705602 2.8519835524 -4.0381473877 0.0000001000
-0.0001288995 -0.0007930917 0.0006114252 3.5416158631 0.1164933678 -9.4456600785 0.0000001000
0.0022451585 0.0047124772 -0.0098821976 1.7375651490 -4.0906850737 0.2883357610 0.0000001000
-0.0029830396 -0.0011398950 -0.0002805268 2.7451993297 2.6034512253 -2.6928750245 0.0000001000
-0.0038969490 0.0031888576 -0.0008023631 4.7342521610 2.1519200832 -1.5746400072 0.0000001000
-0.0000121353 0.0012527164 0.0006298869 -8.3276545583 7.5868140977 -2.8745353805 0.0000001000
-0.0012266280 0.0001903098 -0.0004496843 -3.5415551366 1.7495022210 -6.3487874009 0.0000001000
-0.0004716188 -0.0013675146 0.0003716878 -7.4899802500 -2.1161541220 -2.0056098860 0.0000001000
0.0015055390 -0.0033241698 0.0013618106 -1.0710809721 10.1341862906 5.1660719527 0.0000001000
0.0003054038 -0.0004074862 -0.0000495311 10.2710379843 0.8903743183 -9.1827563342 0.0000001000
-0.0002484374 -0.0006131799 0.0001784321 5.2071844226 -2.2796594531 -5.7946914304 0.0000001000
0.0017673334 -0.0057106944 0.0042465794 2.9265703647 1.3362729830 5.0467647958 0.0000001000
0.0001652899 -0.0000073626 -0.0000663199 -8.0571868219 -6.7548790216 -2.3302805805 0.0000001000
0.0000782154 0.0006082214 -0.0001644544 4.2309788370 -0.2782527160 -1.1876351954 0.0000001000
-0.0002722182 0.0001464759 -0.0001593983 -10.6956168850 -9.3283759772 3.5660638787 0.0000001000
-0.0010180389 0.0001357667 0.0004549131 -6.3984233669 1.6289376006 7.1845855061 0.0000001000
-0.0018869256 0.0006060715 0.0005613217 7.2515357382 -3.0231910895 -9.3904082672 0.0000001000
-0.0006926235 -0.0007048004 0.0000492803 5.1911677175 3.9061101046 4.5072505290 0.0000001000
0.0001975110 0.0003142776 0.0014838927 3.8444965823 -4.4875763107 1.4202257262 0.0000001000
0.0002008630 0.0008532612 0.0001573626 8.0058548983 3.0627688942 1.7353079549 0.0000001000
0.0001042969 -0.0020834876 -0.0015171135 1.9111285125 3.2402232648 -7.6433611493 0.0000001000
0.0005056538 0.0014037851 0.0002735084 -2.0763982636 -4.3303423099 2.4836881686 0.0000001000
-0.0013564626 0.0004204418 -0.0083737377 6.1188806967 0.6934704561 0.8574675299 0.0000001000
-0.0007432769 -0.0003704199 -0.0015423907 8.6875003234 2.1875025756 -8.4703270976 0.0000001000
-0.0020100742 0.0002756278 -0.0015410867 2.3641637630 -4.3497888361 1.8881327751 0.0000001000
-0.0017606326 0.0022057167 0.0017807912 -2.0859008614 10.1921617683 -6.6227856535 0.0000001000
-0.0000558598 -0.0000665512 -0.0003840420 6.3128375842 7.7683488749 -0.2435338031 0.0000001000
-0.0037812698 -0.0008942743 0.0011039001 -1.8392809671 -3.6120485202 -5.3481446299 0.0000001000
0.0020735310 -0.0007001508 -0.0021952621 -9.7812954477 -2.4276253815 -5.6013719776 0.0000001000
0.0000762502 0.0002520714 0.0001835936 -3.3414677113 7.1126765896 9.6170330341 0.0000001000
0.0041546896 -0.0012789399 -0.0017688456 -3.5989024627 -4.9512624181 1.4224068511 0.0000001000
0.0003408043 0.0005187609 0.0004579202 -0.3596846014 2.3054256588 7.4517743995 0.0000001000
0.0022568004 0.0018195847 0.0000342327 -2.4139844870 -8.8639305954 0.0977809744 0.0000001000
0.0007675729 0.0008123524 0.0001875928 11.5449961896 5.1444324400 -1.0805389598 0.0000001000
0.0001508390 0.0002553833 -0.0003377682 -3.3471789656 7.6559138666 13.7286852456 0.0000001000
0.0013506358 -0.0011811909 0.0007082633 6.1617445645 -6.8794274795 6.6827752905 0.0000001000
0.0000058117 -0.0002311054 -0.0008026458 5.1831915332 -1.7190567244 -4.1878153336 0.0000001000
0.0013014212 0.0003917945 0.0012003359 8.0657077395 8.1798365137 6.1684862350 0.0000001000
-0.0008506126 0.0006330798 0.0024890750 3.6920759607 11.3520305232 -0.0917334682 0.0000001000
0.0007526738 -0.0006994812 0.0002711327 6.5749774127 8.7496275066 2.2396899562 0.0000001000
0.0009896011 -0.0013149021 -0.0001273263 6.5485469548 -5.7166524920 -2.0103402337 0.0000001000
0.0006843734 -0.0059648162 0.0006994001 -2.8233439916 -1.8929978555 2.6218920901 0.0000001000
0.0066988707 0.0019972981 -0.0020084831 -3.5734637416 4.9843680181 3.4489205699 0.0000001000
-0.0006105259 0.0002387664 0.0006619191 1.0063911574 3.2754691185 3.7441805675 0.0000001000
0.0062601214 -0.0023049686 -0.0042266206 -0.7523224064 -1.5591621045 -1.3441834125 0.0000001000
-0.0011004443 0.0001312876 0.0007908356 -3.2311029473 -4.4727791635 -9.9636014900 0.0000001000
0.0046031522 -0.0048991647 0.0035582929 2.6403818197 4.2710877083 0.4126030204 0.0000001000
0.0013587908 -0.0047774365 0.0021200704 -0.1273558004 3.4111719086 6.7169035707 0.0000001000
-0.0002829291 -0.0003128378 0.0010769649 4.7562253471 -2.4565215149 1.5657255924 0.0000001000
0.0017702072 -0.0004523528 0.0002920286 6.4309366581 -9.6069016400 3.0258943847 0.0000001000
0.0014536463 -0.0015821862 -0.0021265001 -0.7739810009 -4.7940627129 3.1003254484 0.0000001000
0.0001480485 -0.0005273321 0.0000637007 -8.0872386924 -11.4518229494 8.0415948154 0.0000001000
-0.0000052096 -0.0005260668 0.0007002459 0.6975552465 -7.2921493742 4.3957476914 0.0000001000
-0.0007553877 -0.0023828862 -0.0026830638 1.6798218760 6.3499638958 -1.6938601357 0.0000001000
-0.0002763875 0.0012727334 -0.0002853174 -1.5141743571 -9.9005884222 6.2846893793 0.0000001000
0.0051492179 -0.0023161252 0.0041299558 4.6569276289 -2.8403815719 -0.5301122352 0.0000001000
-0.0012573902 0.0009155423 -0.0004603104 -2.9397467209 3.2720658572 -4.9051052670 0.0000001000
0.0034675759 0.0056097729 -0.0106574258 -0.0027219902 0.8493822700 0.8723674351 0.0000001000
-0.0005430069 -0.0003931850 -0.0002480955 -6.3548731996 -1.5631040394 -3.0505551364 0.0000001000
-0.0006219029 0.0013802635 -0.0006469892 6.7238318042 -1.8974623475 2.2780906213 0.0000001000
0.0009138394 -0.0033458330 -0.0032871675 4.5983824054 -0.7703812488 1.6425008786 0.0000001000
-0.0072440486 0.0022426642 0.0045535435 -2.2011143317 4.1376591313 1.4535858359 0.0000001000
-0.0003915558 -0.0012022056 0.0008369425 2.8790774889 7.0173731523 1.2330404212 0.0000001000
-0.0012297202 0.0003525786 0.0044882769 0.1820131111 1.6040700436 -1.3555610530 0.0000001000
-0.0000059636 0.0013789034 -0.0000690656 1.1000611685 -1.0169561462 -0.6572638090 0.0000001000
-0.0066699000 -0.0069029633 -0.0030094072 -0.2778238917 -0.2303061323 2.0178327979 0.0000001000
0.0007743328 -0.0003390747 -0.0004997904 -1.2882636098 -1.8129853710 9.2782304761 0.0000001000
0.0006427290 0.0012149980 -0.0016447636 1.1507640381 9.9950204152 -5.1974132616 0.0000001000
-0.0013861451 0.0016058948 -0.0017490601 -7.0522528421 -0.4928375241 -1.7326503012 0.0000001000
0.0072938325 0.0036896791 -0.0052532448 -1.6235017428 3.4516446230 2.2618464820 0.0000001000
0.0000047124 -0.0002833281 0.0000838404 -8.0585516850 2.9443379521 3.8284454527 0.0000001000
-0.0009756398 -0.0000045918 0.0018747653 -0.2883188710 -5.7043782655 3.3252934526 0.0000001000
0.0004044089 0.0003983593 -0.0008713273 3.7675101072 9.4888002454 -8.2767927169 0.0000001000
-0.0000581655 0.0016175704 0.0010306554 -1.5054721627 0.5205578072 -5.6622444047 0.0000001000
-0.0003687849 0.0024129353 -0.0018992981 9.9906206466 3.8225494403 2.8372760121 0.0000001000
0.0002851492 -0.0017427541 0.0006655711 -5.9614490448 -4.0885541029 -10.9849833200 0.0000001000
0.0006883785 -0.0007546983 -0.0040524062 1.0779032244 -3.1961158580 -2.0637622570 0.0000001000
-0.0079613476 -0.0023445106 0.0009066036 -1.1864433577 1.7079026501 -4.3787400230 0.0000001000
-0.0040499631 -0.0003454680 -0.0008600285 -1.9663498961 -4.1639361613 -6.1603518524 0.0000001000
-0.0008135258 0.0002386789 0.0004409477 -7.5780130132 0.4540575440 -5.1100919394 0.0000001000
0.0016169930 -0.0019119547 0.0002258079 3.5150696251 4.4635636949 3.9498906715 0.0000001000
-0.0064903544 0.0048761249 0.0094570766 -3.3338836061 -1.3698703256 -1.2200935620 0.0000001000
0.0026562568 -0.0014514242 -0.0031073053 -8.6360406291 4.7179306632 -1.6090496148 0.0000001000
-0.0017247288 0.0008423060 0.0020914992 6.2759673294 2.0401974184 0.3165489471 0.0000001000
-0.0015738433 0.0000109478 -0.0012412453 1.7831685417 -2.6684445435 -1.3806626197 0.0000001000
0.0000931041 -0.0006996386 0.0025798696 -2.6554418572 -3.3952894206 -3.8755592714 0.0000001000
0.0012687045 0.0007280051 -0.0007948308 0.8976048949 -8.5774990157 -7.2150899242 0.0000001000
0.0009741509 -0.0054152956 0.0012321941 6.3115961081 1.7225004701 -1.9284788793 0.0000001000
0.0021212534 0.0001915250 0.0019409950 -8.8545315292 -3.4124555451 -8.6557136870 0.0000001000
-0.0000597758 -0.0003833746 -0.0000049863 -0.9713103353 19.5617959072 2.4900983575 0.0000001000
0.0028689547 0.0025925464 -0.0006717511 0.2641516670 -4.6337056177 0.8301254012 0.0000001000
-0.0000637272 0.0005561409 0.0004220145 -5.9509015906 12.6767995133 -3.3344551570 0.0000001000
0.0005003102 -0.0011716286 -0.0025645493 4.2616922521 4.5904224664 0.0807402997 0.0000001000
-0.0001959101 -0.0002067553 -0.0001765930 6.8755525887 -5.0188378364 9.3912880920 0.0000001000
0.0008695004 -0.0013893192 -0.0003838913 3.2208057480 6.8039228077 5.4273946168 0.0000001000
-0.0008077574 0.0001906842 0.0008079551 -2.0276003488 -6.4962988477 -15.2055447941 0.0000001000
-0.0003655446 -0.0004037770 0.0040008189 -7.0421076525 -0.5126228808 -3.0812793817 0.0000001000
0.0026614214 -0.0021612139 -0.0002231883 0.4758694375 -0.6371678575 -2.1703258788 0.0000001000
0.0032222867 -0.0015685471 -0.0022669696 -3.6215596274 0.0484570214 3.7103726807 0.0000001000
0.0001291256 0.0038150735 -0.0046815169 -2.9255385303 -1.8233120954 0.3647071065 0.0000001000
-0.0000361724 -0.0007943791 0.0011341228 2.7459081921 0.3456253260 1.1203408465 0.0000001000
0.0002454729 -0.0001164982 0.0003437776 -6.3687871699 -5.4135877882 -7.0573190549 0.0000001000
-0.0003209338 -0.0001298449 0.0003205954 4.8302456368 12.5431789581 7.2422292444 0.0000001000
-0.0011897335 -0.0002149166 -0.0003790184 0.6067609113 -0.7714976619 -1.6262831702 0.0000001000
-0.0018134931 -0.0116713449 0.0049826143 -0.0578858707 -0.8097708143 0.0542752883 0.0000001000
0.0001417162 -0.0007341406 0.0006985969 2.0055536722 -4.4903817192 0.4510140000 0.0000001000
0.0010610798 -0.0001050932 0.0011976269 3.3503845758 -7.6833266494 -2.9685617568 0.0000001000
-0.0016045284 0.0011175019 -0.0075575508 -0.9080054968 -0.1885974858 -1.1522524170 0.0000001000
0.0005603205 0.0014618450 -0.0001665951 12.8024254471 4.0384682969 -2.7011117782 0.0000001000
0.0000946780 -0.0000987311 0.0004738649 -11.1620142813 -14.2267618788 6.9967957727 0.0000001000
-0.0008041246 0.0012171927 -0.0004804653 7.0298673349 2.0468609566 -0.0272264776 0.0000001000
-0.0065323638 -0.0005415498 -0.0024088895 -0.4121665892 -2.1507034908 -0.3298838885 0.0000001000
-0.0004632788 0.0012391259 0.0005969648 8.1837401561 2.6679396499 -3.1611633221 0.0000001000
0.0004622370 -0.0012135788 0.0021778614 -3.9540713865 6.3344709083 -1.6321384403 0.0000001000
-0.0011128189 0.0029923679 -0.0026277335 -4.5365209489 -2.3393513885 -3.2655570361 0.0000001000
-0.0030176635 -0.0036237367 -0.0001720748 -0.0975936378 -2.2903816088 -4.0728572755 0.0000001000
0.0010257151 0.0004588562 -0.0023685673 -1.7104229923 -1.4915120352 -0.4202633239 0.0000001000
